33 44 688 763
1 1
1 2
2 2
2 4
2 5
2 6
2 7
2 8
2 9
2 10
2 11
2 12
2 13
2 14
2 15
2 16
2 17
2 18
2 19
2 20
2 21
2 22
2 23
2 24
2 25
2 26
2 27
2 28
2 29
2 30
2 31
2 32
2 33
2 34
2 35
2 36
2 37
2 38
2 39
2 40
2 41
2 42
2 43
3 2
3 4
3 43
4 2
4 4
4 6
4 7
4 8
4 9
4 10
4 11
4 12
4 13
4 14
4 15
4 16
4 17
4 18
4 19
4 20
4 21
4 22
4 23
4 24
4 25
4 26
4 27
4 28
4 29
4 30
4 31
4 32
4 33
4 34
4 35
4 36
4 37
4 38
4 39
4 40
4 41
4 43
5 2
5 4
5 6
5 41
5 43
6 2
6 4
6 6
6 8
6 9
6 10
6 11
6 12
6 13
6 14
6 15
6 16
6 17
6 18
6 19
6 20
6 21
6 22
6 23
6 24
6 25
6 26
6 27
6 28
6 29
6 30
6 31
6 32
6 33
6 34
6 35
6 36
6 37
6 38
6 39
6 41
6 43
7 2
7 4
7 6
7 8
7 39
7 41
7 43
8 2
8 4
8 6
8 8
8 10
8 11
8 12
8 13
8 14
8 15
8 16
8 17
8 18
8 19
8 20
8 21
8 22
8 23
8 24
8 25
8 26
8 27
8 28
8 29
8 30
8 31
8 32
8 33
8 34
8 35
8 36
8 37
8 39
8 41
8 43
9 2
9 4
9 6
9 8
9 10
9 37
9 39
9 41
9 43
10 2
10 4
10 6
10 8
10 10
10 12
10 13
10 14
10 15
10 16
10 17
10 18
10 19
10 20
10 21
10 22
10 23
10 24
10 25
10 26
10 27
10 28
10 29
10 30
10 31
10 32
10 33
10 34
10 35
10 37
10 39
10 41
10 43
11 2
11 4
11 6
11 8
11 10
11 12
11 35
11 37
11 39
11 41
11 43
12 2
12 4
12 6
12 8
12 10
12 12
12 14
12 15
12 16
12 17
12 18
12 19
12 20
12 21
12 22
12 23
12 24
12 25
12 26
12 27
12 28
12 29
12 30
12 31
12 32
12 33
12 35
12 37
12 39
12 41
12 43
13 2
13 4
13 6
13 8
13 10
13 12
13 14
13 33
13 35
13 37
13 39
13 41
13 43
14 2
14 4
14 6
14 8
14 10
14 12
14 14
14 16
14 17
14 18
14 19
14 20
14 21
14 22
14 23
14 24
14 25
14 26
14 27
14 28
14 29
14 30
14 31
14 33
14 35
14 37
14 39
14 41
14 43
15 2
15 4
15 6
15 8
15 10
15 12
15 14
15 16
15 31
15 33
15 35
15 37
15 39
15 41
15 43
16 2
16 4
16 6
16 8
16 10
16 12
16 14
16 16
16 18
16 19
16 20
16 21
16 22
16 23
16 24
16 25
16 26
16 27
16 28
16 29
16 31
16 33
16 35
16 37
16 39
16 41
16 43
17 2
17 4
17 6
17 8
17 10
17 12
17 14
17 16
17 29
17 31
17 33
17 35
17 37
17 39
17 41
17 43
18 2
18 4
18 6
18 8
18 10
18 12
18 14
18 16
18 17
18 18
18 19
18 20
18 21
18 22
18 23
18 24
18 25
18 26
18 27
18 28
18 29
18 31
18 33
18 35
18 37
18 39
18 41
18 43
19 2
19 4
19 6
19 8
19 10
19 12
19 14
19 31
19 33
19 35
19 37
19 39
19 41
19 43
20 2
20 4
20 6
20 8
20 10
20 12
20 14
20 15
20 16
20 17
20 18
20 19
20 20
20 21
20 22
20 23
20 24
20 25
20 26
20 27
20 28
20 29
20 30
20 31
20 33
20 35
20 37
20 39
20 41
20 43
21 2
21 4
21 6
21 8
21 10
21 12
21 33
21 35
21 37
21 39
21 41
21 43
22 2
22 4
22 6
22 8
22 10
22 12
22 13
22 14
22 15
22 16
22 17
22 18
22 19
22 20
22 21
22 22
22 23
22 24
22 25
22 26
22 27
22 28
22 29
22 30
22 31
22 32
22 33
22 35
22 37
22 39
22 41
22 43
23 2
23 4
23 6
23 8
23 10
23 35
23 37
23 39
23 41
23 43
24 2
24 4
24 6
24 8
24 10
24 11
24 12
24 13
24 14
24 15
24 16
24 17
24 18
24 19
24 20
24 21
24 22
24 23
24 24
24 25
24 26
24 27
24 28
24 29
24 30
24 31
24 32
24 33
24 34
24 35
24 37
24 39
24 41
24 43
25 2
25 4
25 6
25 8
25 37
25 39
25 41
25 43
26 2
26 4
26 6
26 8
26 9
26 10
26 11
26 12
26 13
26 14
26 15
26 16
26 17
26 18
26 19
26 20
26 21
26 22
26 23
26 24
26 25
26 26
26 27
26 28
26 29
26 30
26 31
26 32
26 33
26 34
26 35
26 36
26 37
26 39
26 41
26 43
27 2
27 4
27 6
27 39
27 41
27 43
28 2
28 4
28 6
28 7
28 8
28 9
28 10
28 11
28 12
28 13
28 14
28 15
28 16
28 17
28 18
28 19
28 20
28 21
28 22
28 23
28 24
28 25
28 26
28 27
28 28
28 29
28 30
28 31
28 32
28 33
28 34
28 35
28 36
28 37
28 38
28 39
28 41
28 43
29 2
29 4
29 41
29 43
30 2
30 4
30 5
30 6
30 7
30 8
30 9
30 10
30 11
30 12
30 13
30 14
30 15
30 16
30 17
30 18
30 19
30 20
30 21
30 22
30 23
30 24
30 25
30 26
30 27
30 28
30 29
30 30
30 31
30 32
30 33
30 34
30 35
30 36
30 37
30 38
30 39
30 40
30 41
30 43
31 2
31 43
32 2
32 3
32 4
32 5
32 6
32 7
32 8
32 9
32 10
32 11
32 12
32 13
32 14
32 15
32 16
32 17
32 18
32 19
32 20
32 21
32 22
32 23
32 24
32 25
32 26
32 27
32 28
32 29
32 30
32 31
32 32
32 33
32 34
32 35
32 36
32 37
32 38
32 39
32 40
32 41
32 42
32 43
1
17 28
1
2 1
1
17 27
1
3 1
1
17 26
1
4 1
1
17 25
1
5 1
1
17 24
1
6 1
1
17 23
1
7 1
1
17 22
1
8 1
1
17 21
1
9 1
1
17 20
1
10 1
1
17 19
1
11 1
1
17 18
1
12 1
1
17 17
1
13 1
1
16 17
1
14 1
1
15 17
1
15 1
1
15 18
1
16 1
1
15 19
1
17 1
1
15 20
1
18 1
1
15 21
1
19 1
1
15 22
1
20 1
1
15 23
1
21 1
1
15 24
1
22 1
1
15 25
1
23 1
1
15 26
1
24 1
1
15 27
1
25 1
1
15 28
1
26 1
1
15 29
1
27 1
1
15 30
1
28 1
1
16 30
1
29 1
1
17 30
1
30 1
1
18 30
1
31 1
1
19 30
1
32 1
1
19 29
1
33 1
1
19 28
1
33 2
1
19 27
1
33 3
1
19 26
1
33 4
1
19 25
1
33 5
1
19 24
1
33 6
1
19 23
1
33 7
1
19 22
1
33 8
1
19 21
1
33 9
1
19 20
1
33 10
1
19 19
1
33 11
1
19 18
1
33 12
1
19 17
1
33 13
1
19 16
1
33 14
1
19 15
1
33 15
1
18 15
1
33 16
1
17 15
1
33 17
1
16 15
1
33 18
1
15 15
1
33 19
1
14 15
1
33 20
1
13 15
1
33 21
1
13 16
1
33 22
1
13 17
1
33 23
1
13 18
1
33 24
1
13 19
1
33 25
1
13 20
1
33 26
1
13 21
1
33 27
1
13 22
1
33 28
1
13 23
1
33 29
1
13 24
1
33 30
1
13 25
1
33 31
1
13 26
1
33 32
1
13 27
1
33 33
1
13 28
1
33 34
1
13 29
1
33 35
1
13 30
1
33 36
1
13 31
1
33 37
1
13 32
1
33 38
1
14 32
1
33 39
1
15 32
1
33 40
1
16 32
1
33 41
1
17 32
1
33 42
1
18 32
1
33 43
1
19 32
1
33 44
1
20 32
1
32 44
1
21 32
1
31 44
1
21 31
1
30 44
1
21 30
1
29 44
1
21 29
1
28 44
1
21 28
1
27 44
1
21 27
1
26 44
1
21 26
1
25 44
1
21 25
1
24 44
1
21 24
1
23 44
1
21 23
1
22 44
1
21 22
1
21 44
1
21 21
1
20 44
1
21 20
1
19 44
1
21 19
1
18 44
1
21 18
1
17 44
1
21 17
1
16 44
1
21 16
1
15 44
1
21 15
1
14 44
1
21 14
1
13 44
1
21 13
1
12 44
1
20 13
1
11 44
1
19 13
1
10 44
1
18 13
1
9 44
1
17 13
1
8 44
1
16 13
1
7 44
1
15 13
1
6 44
1
14 13
1
5 44
1
13 13
1
4 44
1
12 13
1
3 44
1
11 13
1
2 44
1
11 14
1
1 44
1
11 15
1
1 43
1
11 16
1
1 42
1
11 17
1
1 41
1
11 18
1
1 40
1
11 19
1
1 39
1
11 20
1
1 38
1
11 21
1
1 37
1
11 22
1
1 36
1
11 23
1
1 35
1
11 24
1
1 34
1
11 25
1
1 33
1
11 26
1
1 32
1
11 27
1
1 31
1
11 28
1
1 30
1
11 29
1
1 29
1
11 30
1
1 28
1
11 31
1
1 27
1
11 32
1
1 26
1
11 33
1
1 25
1
11 34
1
1 24
1
12 34
1
1 23
1
13 34
1
1 22
1
14 34
1
1 21
1
15 34
1
1 20
1
16 34
1
1 19
1
17 34
1
1 18
1
18 34
1
1 17
1
19 34
1
1 16
1
20 34
1
1 15
1
21 34
1
1 14
1
22 34
1
1 13
1
23 34
1
1 12
1
23 33
1
1 11
1
23 32
1
1 10
1
23 31
1
1 9
1
23 30
1
1 8
1
23 29
1
1 7
1
23 28
1
1 6
1
23 27
1
1 5
1
23 26
1
1 4
1
23 25
1
1 3
1
23 24
1
2 3
1
23 23
1
3 3
1
23 22
1
4 3
1
23 21
1
5 3
1
23 20
1
6 3
1
23 19
1
7 3
1
23 18
1
8 3
1
23 17
1
9 3
1
23 16
1
10 3
1
23 15
1
11 3
1
23 14
1
12 3
1
23 13
1
13 3
1
23 12
1
14 3
1
23 11
1
15 3
1
22 11
1
16 3
1
21 11
1
17 3
1
20 11
1
18 3
1
19 11
1
19 3
1
18 11
1
20 3
1
17 11
1
21 3
1
16 11
1
22 3
1
15 11
1
23 3
1
14 11
1
24 3
1
13 11
1
25 3
1
12 11
1
26 3
1
11 11
1
27 3
1
10 11
1
28 3
1
9 11
1
29 3
1
9 12
1
30 3
1
9 13
1
31 3
1
9 14
1
31 4
1
9 15
1
31 5
1
9 16
1
31 6
1
9 17
1
31 7
1
9 18
1
31 8
1
9 19
1
31 9
1
9 20
1
31 10
1
9 21
1
31 11
1
9 22
1
31 12
1
9 23
1
31 13
1
9 24
1
31 14
1
9 25
1
31 15
1
9 26
1
31 16
1
9 27
1
31 17
1
9 28
1
31 18
1
9 29
1
31 19
1
9 30
1
31 20
1
9 31
1
31 21
1
9 32
1
31 22
1
9 33
1
31 23
1
9 34
1
31 24
1
9 35
1
31 25
1
9 36
1
31 26
1
10 36
1
31 27
1
11 36
1
31 28
1
12 36
1
31 29
1
13 36
1
31 30
1
14 36
1
31 31
1
15 36
1
31 32
1
16 36
1
31 33
1
17 36
1
31 34
1
18 36
1
31 35
1
19 36
1
31 36
1
20 36
1
31 37
1
21 36
1
31 38
1
22 36
1
31 39
1
23 36
1
31 40
1
24 36
1
31 41
1
25 36
1
31 42
1
25 35
1
30 42
1
25 34
1
29 42
1
25 33
1
28 42
1
25 32
1
27 42
1
25 31
1
26 42
1
25 30
1
25 42
1
25 29
1
24 42
1
25 28
1
23 42
1
25 27
1
22 42
1
25 26
1
21 42
1
25 25
1
20 42
1
25 24
1
19 42
1
25 23
1
18 42
1
25 22
1
17 42
1
25 21
1
16 42
1
25 20
1
15 42
1
25 19
1
14 42
1
25 18
1
13 42
1
25 17
1
12 42
1
25 16
1
11 42
1
25 15
1
10 42
1
25 14
1
9 42
1
25 13
1
8 42
1
25 12
1
7 42
1
25 11
1
6 42
1
25 10
1
5 42
1
25 9
1
4 42
1
24 9
1
3 42
1
23 9
1
3 41
1
22 9
1
3 40
1
21 9
1
3 39
1
20 9
1
3 38
1
19 9
1
3 37
1
18 9
1
3 36
1
17 9
1
3 35
1
16 9
1
3 34
1
15 9
1
3 33
1
14 9
1
3 32
1
13 9
1
3 31
1
12 9
1
3 30
1
11 9
1
3 29
1
10 9
1
3 28
1
9 9
1
3 27
1
8 9
1
3 26
1
7 9
1
3 25
1
7 10
1
3 24
1
7 11
1
3 23
1
7 12
1
3 22
1
7 13
1
3 21
1
7 14
1
3 20
1
7 15
1
3 19
1
7 16
1
3 18
1
7 17
1
3 17
1
7 18
1
3 16
1
7 19
1
3 15
1
7 20
1
3 14
1
7 21
1
3 13
1
7 22
1
3 12
1
7 23
1
3 11
1
7 24
1
3 10
1
7 25
1
3 9
1
7 26
1
3 8
1
7 27
1
3 7
1
7 28
1
3 6
1
7 29
1
3 5
1
7 30
1
4 5
1
7 31
1
5 5
1
7 32
1
6 5
1
7 33
1
7 5
1
7 34
1
8 5
1
7 35
1
9 5
1
7 36
1
10 5
1
7 37
1
11 5
1
7 38
1
12 5
1
8 38
1
13 5
1
9 38
1
14 5
1
10 38
1
15 5
1
11 38
1
16 5
1
12 38
1
17 5
1
13 38
1
18 5
1
14 38
1
19 5
1
15 38
1
20 5
1
16 38
1
21 5
1
17 38
1
22 5
1
18 38
1
23 5
1
19 38
1
24 5
1
20 38
1
25 5
1
21 38
1
26 5
1
22 38
1
27 5
1
23 38
1
28 5
1
24 38
1
29 5
1
25 38
1
29 6
1
26 38
1
29 7
1
27 38
1
29 8
1
27 37
1
29 9
1
27 36
1
29 10
1
27 35
1
29 11
1
27 34
1
29 12
1
27 33
1
29 13
1
27 32
1
29 14
1
27 31
1
29 15
1
27 30
1
29 16
1
27 29
1
29 17
1
27 28
1
29 18
1
27 27
1
29 19
1
27 26
1
29 20
1
27 25
1
29 21
1
27 24
1
29 22
1
27 23
1
29 23
1
27 22
1
29 24
1
27 21
1
29 25
1
27 20
1
29 26
1
27 19
1
29 27
1
27 18
1
29 28
1
27 17
1
29 29
1
27 16
1
29 30
1
27 15
1
29 31
1
27 14
1
29 32
1
27 13
1
29 33
1
27 12
1
29 34
1
27 11
1
29 35
1
27 10
1
29 36
1
27 9
1
29 37
1
27 8
1
29 38
1
27 7
1
29 39
1
26 7
1
29 40
1
25 7
1
28 40
1
24 7
1
27 40
1
23 7
1
26 40
1
22 7
1
25 40
1
21 7
1
24 40
1
20 7
1
23 40
1
19 7
1
22 40
1
18 7
1
21 40
1
17 7
1
20 40
1
16 7
1
19 40
1
15 7
1
18 40
1
14 7
1
17 40
1
13 7
1
16 40
1
12 7
1
15 40
1
11 7
1
14 40
1
10 7
1
13 40
1
9 7
1
12 40
1
8 7
1
11 40
1
7 7
1
10 40
1
6 7
1
9 40
1
5 7
1
8 40
1
5 8
1
7 40
1
5 9
1
6 40
1
5 10
1
5 40
1
5 11
1
5 39
1
5 12
1
5 38
1
5 13
1
5 37
1
5 14
1
5 36
1
5 15
1
5 35
1
5 16
1
5 34
1
5 17
1
5 33
1
5 18
1
5 32
1
5 19
1
5 31
1
5 20
1
5 30
1
5 21
1
5 29
1
5 22
1
5 28
1
5 23
1
5 27
1
5 24
1
5 26
1
5 25
