190 190 200 8
141 164
53 101
53 80
139 7
140 153
160 18
40 115
159 164
57 122
137 91
4 91
50 76
172 43
180 86
190 135
74 65
53 105
97 186
45 84
117 30
104 75
81 129
111 117
92 56
19 57
145 37
83 133
90 75
58 111
164 74
95 24
76 140
126 27
19 32
22 7
170 149
107 44
129 140
65 179
48 136
164 179
159 140
68 12
174 122
17 188
41 43
119 86
39 119
50 107
11 58
133 62
182 34
128 140
33 88
100 101
148 186
27 67
133 52
83 43
128 146
55 141
39 73
105 163
102 80
124 96
25 81
119 45
30 79
135 9
100 153
94 142
81 23
113 84
126 160
176 111
168 8
111 90
162 17
174 76
91 27
187 8
34 167
159 183
14 140
150 135
180 115
124 75
177 15
165 4
47 33
34 155
133 51
87 167
89 164
176 167
180 84
49 103
176 158
130 166
56 184
155 27
31 152
112 131
33 43
31 138
92 169
63 11
158 87
136 173
49 4
7 185
5 9
137 190
37 2
166 149
77 148
135 125
43 96
94 182
185 25
35 155
118 136
13 175
155 6
99 121
99 108
24 52
51 181
23 56
85 190
88 161
84 16
67 37
163 179
120 158
129 189
13 166
22 49
137 62
120 115
183 58
177 172
139 45
48 166
40 65
88 164
119 97
110 150
127 150
30 182
13 11
73 132
96 69
93 101
174 49
16 162
12 43
6 86
44 161
146 186
150 138
101 103
27 187
104 66
45 98
161 180
147 114
164 32
2 54
182 114
190 112
89 8
152 90
95 72
8 156
22 185
96 114
12 147
74 58
43 134
137 180
113 141
132 100
170 108
53 103
127 65
18 12
103 9
132 2
140 69
62 98
24 36
96 87
36 86
185 187
63 134
41 50
139 149
56 189
150 13
134 184
48
172 186
167 131
58 164
67 82
61 103
104 73
163 126
63 77
162 186
11 179
57 64
55 23
190 83
31 164
181 162
114 177
155 45
71 45
86 125
110 187
164 70
1 81
118 146
169 117
41 119
22 139
58 155
105 78
86 40
54 138
12 167
15 31
13 77
115 21
66 55
170 63
74 164
86 51
181 10
44 189
157 99
133 83
10 92
139 148
112 31
164 11
154 159
155 124
41
40 125
90 53
97 187
173 4
6 179
176 179
135 72
9 114
7 187
145 189
179 63
17 22
70 21
163 119
11 106
165 163
45 29
107 123
145 134
113 121
21 80
179 120
10 45
41 158
52 82
104 138
1 96
172 174
165 61
51 48
104 27
151 120
94 46
160 145
131 53
67 154
166 119
112 146
37 161
6 144
87 182
46
141 147
181 172
24 90
154 153
71 54
35 98
108 57
137 130
120 165
77 184
111 140
186 104
79 41
98 101
67 184
82 28
64 8
115 172
41 188
190 88
142 54
38 11
114 185
134 122
17 131
6 51
157 135
186 144
176 41
149 13
94 132
113 9
143 190
128 16
144 80
109 143
134 143
157 2
30 165
74 171
51 104
129 100
33 136
56 144
119 166
7 27
49
88 122
115 57
36 170
93 133
189 179
60 134
146 146
53 154
158 132
128 119
50 182
172 169
156 178
33 151
22 81
110 177
154 122
155 18
18 184
189 176
185 161
3 171
136 130
105 185
171 127
26 155
161 21
28 84
120 187
161 58
78 149
31 49
94 147
6 94
57 59
113 159
144 150
84 36
121 100
144 109
42 46
168 179
32 87
102 112
174 100
92 177
183 51
86 121
129 80
54
98 7
102 99
57 123
49 45
68 148
162 37
151 19
109 154
109 34
161 185
33 37
39 88
99 92
37 22
5 103
162 96
13 87
123 31
22 34
135 43
32 122
30 152
128 150
17 180
88 153
61 155
85 160
130 181
93 54
3 53
103 52
128 14
126 134
117 46
1 31
2 76
45 103
111 86
2 134
93 118
109 10
91 38
44 54
21 93
43 128
142 189
147 133
72 155
129 143
9 37
172 84
64 72
101 83
107 70
62
48 180
154 42
167 80
69 177
56 19
73 30
72 85
2 152
98 41
158 46
139 40
128 64
67 5
176 24
99 186
89 127
95 43
17 142
171 83
40 160
189 125
148 139
142 155
16 41
121 86
92 156
127 103
13 54
127 44
183 26
24 101
71 160
15 85
16 163
186 99
68 41
48 111
155 189
100 85
99 28
117 115
10 126
99 149
124 12
149 72
66 168
174 114
10 147
60 99
150 181
82 144
44 126
21 154
91 28
168 150
37 29
26 39
79 170
95 131
167 162
6 33
80 18
64
161 5
139 128
129 135
178 15
115 182
104 6
14 101
87 174
35 44
47 42
157 92
134 120
80 187
114 104
174 69
132 14
102 144
4 113
149 76
60 170
162 117
140 97
189 62
23 66
70 167
182 22
59 179
48 106
121 123
53 189
37 8
42 173
24 60
137 163
35 136
61 172
83 112
174 2
161 66
171 187
3 75
62 175
113 80
99 21
20 24
28 171
108 19
53 53
133 8
190 133
31 24
174 47
130 24
113 33
16 8
77 175
42 42
144 29
47 99
118 178
187 112
10 108
50 69
157 39
66
119 87
104 130
83 13
27 130
29 23
109 75
26 56
121 121
6 112
91 163
153 126
169 1
161 116
79 30
135 131
139 68
148 70
11 107
132 92
17 83
117 24
183 179
74 23
118 114
117 185
52 51
166 160
139 169
25 58
88 149
53 165
65 102
50 112
115 136
131 96
88 2
104 95
60 168
165 189
76 34
67 135
126 54
175 17
34 99
9 119
186 142
175 21
150 165
42 60
155 43
120 150
171 171
168 4
83 77
153 140
142 99
126 65
59 90
170 102
167 39
85 88
100 50
132 54
175 173
31 62
69 190
