260 150 200 70
125 64
235 89
167 70
53 27
27 88
5 49
89 116
221 97
208 87
135 60
186 103
189 81
152 103
190 126
85 2
228 101
134 47
35 130
253 63
202 28
193 10
51 61
49 23
185 42
156 52
167 38
102 117
108 38
120 124
167 142
208 101
36 75
251 77
58 144
260 51
166 7
82 94
53 74
4 33
82 130
33 126
56 107
167 37
5 79
51 111
87 102
191 61
14 119
75 135
162 2
21 18
36 98
100 112
194 150
245 84
260 54
53 76
189 115
229 19
244 85
72 34
119 32
206 22
243 39
87 62
32 147
10 40
140 99
60 2
44 40
242 47
139 6
93 88
229 47
77 112
11 107
211 131
196 92
95 143
103 128
218 99
217 43
232 132
180 86
108 136
188 149
21 116
196 119
158 138
31 71
244 100
162 83
80 5
260 25
108 23
116 114
177 74
62 44
64 43
33 127
170 138
230 150
260 52
164 4
199 18
199 46
10 129
225 136
138 28
94 114
38 99
141 146
252 19
143 20
177 80
85 66
196 102
193 41
123 61
220 100
16 135
96 149
2 139
200 5
91 98
198 110
73 43
65 96
122 36
212 102
51 52
61 142
28 103
255 119
78 74
133 117
249 89
82 88
134 121
23 105
50 17
25 60
208 14
242 113
139 18
221 146
63 127
199 87
87 55
138 71
171 84
123 11
193 97
189 57
16 57
200 147
192 32
64 119
73 119
119 146
59 20
3 95
149 107
24 92
206 85
74 27
111 61
189 34
112 68
44 60
117 37
106 5
230 47
224 94
229 102
1 30
196 43
146 34
148 38
244 112
182 148
4 26
166 127
43 70
13 101
79 124
64 122
246 117
28 59
42 108
176 104
98 51
92 48
54 43
224 20
216 41
248 77
70 127
23 98
19 47
190 50
27
175 12
240 8
59 4
212 13
108 3
156 9
189 11
93 11
170 11
70 11
198 13
41 10
128 3
135 2
27 8
225 12
73 2
173 8
241 13
167 7
166 1
64 1
173 1
110 8
169 4
24 10
22 6
15
238 141
147 139
250 149
201 145
36 145
242 138
54 150
124 150
86 148
36 146
51 150
78 144
248 146
236 143
239 138
21
170 1
205 8
238 6
223 1
147 8
184 2
68 6
33 9
21 3
109 5
108 10
207 7
121 6
228 12
198 11
123 4
85 9
95 7
84 9
147 3
141 1
20
180 150
226 142
13 148
65 143
117 142
233 141
81 147
225 144
26 150
150 139
205 142
81 139
165 150
40 141
74 148
47 139
89 140
17 148
114 149
111 143
17
7 7
248 11
66 5
227 1
253 8
156 4
79 8
72 7
63 1
26 11
195 1
40 9
56 10
34 3
223 3
8 13
99 6
17
184 149
33 147
231 144
10 145
212 148
122 144
73 146
163 149
73 138
183 145
217 150
137 146
41 138
87 140
173 147
228 148
136 140
16
147 4
47 2
72 4
200 1
252 5
105 5
42 1
130 1
21 9
66 7
78 13
240 6
64 4
49 3
104 12
158 9
17
12 147
144 145
110 144
122 139
200 148
183 147
49 146
46 147
188 138
160 148
133 141
100 140
27 140
158 142
243 142
123 144
172 138
17
259 1
90 13
80 7
161 11
254 9
66 10
94 9
202 4
11 12
66 13
147 1
236 4
160 3
245 12
100 4
131 2
213 8
27
177 147
193 149
106 138
41 141
74 139
170 148
46 142
260 146
207 141
100 139
128 143
25 139
45 140
81 149
146 150
32 146
108 143
198 143
183 149
211 149
177 144
167 149
244 144
16 146
249 138
145 148
53 141
29
18 1
34 13
175 10
163 1
161 4
169 8
98 2
173 10
64 11
169 1
148 9
144 4
158 7
160 4
41 9
13 7
253 13
160 10
146 9
102 1
257 7
212 9
187 2
152 8
157 5
4 5
162 11
65 7
188 6
21
122 145
217 144
235 144
235 148
171 148
100 141
56 142
246 142
228 141
160 140
191 146
34 146
202 141
9 145
132 139
149 143
60 150
140 144
2 145
97 139
134 141
21
181 11
48 13
168 1
100 6
219 8
10 7
208 10
194 3
172 4
178 12
87 8
209 12
73 13
171 5
110 3
173 12
220 7
127 12
57 9
180 4
51 1
15
179 140
25 142
104 150
48 138
83 150
206 138
196 148
46 138
111 148
189 144
248 150
110 146
252 145
255 149
187 149
21
12 1
9 1
153 10
190 7
6 11
170 7
60 10
8 9
226 13
209 7
244 3
143 7
256 2
186 2
228 8
97 4
225 5
47 6
105 4
139 13
240 12
23
14 144
208 149
234 141
191 139
59 140
241 150
23 145
14 142
189 142
27 144
245 146
121 138
162 139
147 150
138 140
197 146
227 146
185 140
149 142
148 138
237 149
6 139
136 147
21
125 5
224 10
219 13
202 1
186 1
230 2
23 5
64 6
13 13
211 5
202 6
187 10
121 13
48 3
254 6
141 8
253 3
96 3
120 3
159 6
57 6
21
157 145
50 147
96 144
98 146
94 149
159 150
154 148
126 147
130 140
125 138
18 146
258 141
116 144
109 142
140 140
183 143
241 141
123 149
194 139
132 138
187 141
26
133 5
198 6
82 9
194 5
159 3
26 7
241 12
12 3
171 9
200 13
227 3
68 4
63 13
133 7
105 8
58 1
118 6
114 7
227 6
54 10
260 11
215 11
135 9
220 11
144 2
60 4
26
197 140
53 143
50 146
167 147
115 139
122 149
158 139
257 145
195 138
77 138
8 138
108 144
215 145
59 145
147 141
232 139
66 143
137 145
130 146
85 144
46 141
16 139
185 147
230 140
109 146
185 138
20
236 13
173 5
201 12
198 12
102 6
68 11
91 10
2 10
231 4
242 12
65 6
70 10
207 5
48 7
196 4
89 1
111 9
236 9
165 1
107 5
29
206 145
27 149
159 139
142 144
27 148
237 144
24 149
121 148
189 140
148 146
190 145
104 147
199 142
150 147
192 139
58 138
59 143
129 144
48 146
73 142
228 143
12 141
220 147
234 138
79 139
113 149
181 139
96 145
141 145
19
49 12
13 5
164 11
147 10
163 11
110 13
40 6
133 1
240 4
248 12
64 10
37 12
60 1
57 5
131 6
41 2
11 4
230 11
5 4
27
165 144
105 146
199 143
225 143
125 144
254 140
207 143
254 147
130 150
122 148
110 141
215 142
1 149
208 139
234 147
108 140
30 149
52 149
69 148
221 142
189 147
86 150
49 138
193 146
255 147
29 149
249 142
16
201 11
67 12
115 6
94 2
88 9
143 4
252 6
62 9
61 5
136 4
63 6
217 12
78 5
140 5
132 4
61 2
17
61 149
36 143
221 147
33 150
192 138
180 138
83 141
223 139
182 149
23 140
111 138
188 150
165 148
134 144
227 149
42 140
92 140
29
81 10
14 11
41 12
45 10
191 2
193 8
259 7
6 3
45 2
62 8
117 4
248 7
23 4
125 1
205 4
76 5
78 4
206 1
205 13
13 12
210 9
91 5
177 11
241 5
137 10
51 11
175 4
233 13
218 11
24
145 147
205 150
32 145
20 149
24 150
37 148
252 143
166 150
247 148
124 141
244 143
68 139
15 140
77 149
28 149
45 143
61 148
66 140
83 144
155 146
218 148
184 140
53 140
228 147
17
112 5
209 13
220 2
167 3
181 4
234 11
69 3
204 1
239 3
253 5
213 9
13 1
57 11
76 13
183 7
172 9
71 13
25
59 147
258 145
159 147
194 149
175 150
92 139
172 148
215 147
54 149
108 150
18 139
149 140
37 144
52 138
181 146
56 147
143 145
164 145
110 138
226 144
13 138
14 146
85 148
6 146
32 140
16
227 13
59 2
36 8
22 12
75 12
91 3
203 6
98 1
96 1
250 3
76 8
230 12
103 9
70 3
165 4
219 2
15
158 144
214 142
74 144
74 145
226 138
226 147
66 145
234 142
146 146
148 150
68 148
184 142
66 150
170 143
210 144
28
42 5
126 4
189 13
196 9
232 5
235 12
150 10
165 13
186 3
241 2
123 13
123 3
92 3
194 6
16 6
157 10
74 13
140 11
134 3
258 3
42 8
187 11
92 10
4 7
154 5
125 2
18 10
35 8
15
52 142
63 143
230 139
76 138
158 150
104 141
137 144
246 140
180 145
179 141
218 138
5 141
95 140
54 145
119 148
26
62 2
63 5
56 11
248 1
28 1
80 11
90 5
83 11
228 9
186 12
219 4
200 12
161 12
87 1
130 8
134 13
132 5
124 12
195 11
223 5
186 6
73 10
240 10
251 6
241 3
122 11
19
154 144
199 146
196 141
219 146
41 147
2 148
183 148
164 138
142 138
229 143
234 140
237 142
105 143
95 145
44 148
102 140
129 142
86 142
140 138
17
41 1
141 12
243 10
53 5
231 1
162 12
119 4
31 13
193 6
107 6
212 7
200 10
10 5
226 1
77 7
225 3
132 6
25
31 141
33 145
254 138
143 149
175 139
221 149
16 141
10 142
232 146
249 146
80 146
114 143
159 146
117 150
117 138
139 142
47 142
230 142
159 140
204 140
189 138
85 146
36 141
62 144
231 145
25
57 3
245 6
224 1
129 9
231 6
150 8
125 9
102 11
191 10
137 7
55 9
91 6
193 3
114 6
242 11
125 10
166 2
212 12
95 4
92 11
39 9
27 3
176 4
112 4
181 12
16
221 139
114 145
236 150
13 139
239 143
120 143
100 144
211 148
170 139
242 150
55 147
78 147
48 148
27 138
85 139
260 149
24
194 13
113 8
49 10
100 13
28 12
189 7
133 12
2 4
135 5
218 4
40 10
95 6
31 1
60 12
42 7
184 6
139 10
185 8
12 7
201 9
26 5
91 8
207 8
69 10
18
162 143
228 145
79 138
102 144
223 138
44 147
91 148
89 150
14 145
37 149
210 139
99 145
203 147
21 148
209 142
175 145
151 149
132 147
15
16 13
3 7
65 3
38 5
140 8
124 13
69 11
106 4
27 11
157 11
22 8
189 3
256 4
198 10
82 1
15
169 148
36 142
20 145
27 146
105 138
19 149
67 144
19 148
155 148
93 143
62 139
69 145
210 143
213 143
210 142
26
149 11
139 9
212 3
64 3
238 10
127 13
73 5
123 9
129 3
205 6
119 8
76 10
31 11
176 5
169 5
243 2
208 12
40 7
133 10
21 4
172 10
89 5
249 10
171 10
73 3
59 9
15
206 139
231 148
195 150
257 150
113 139
202 146
68 143
118 149
258 142
75 142
148 148
12 146
35 150
16 143
37 141
21
127 5
53 6
221 7
250 6
79 4
95 2
176 6
211 2
260 3
96 9
251 5
47 3
216 10
168 7
55 13
214 7
200 2
213 3
151 10
259 2
246 1
17
127 140
228 150
117 143
76 143
82 145
5 143
149 149
64 140
88 142
79 150
24 147
37 146
223 140
110 139
219 142
21 138
3 150
28
217 13
10 4
127 11
122 7
201 10
251 13
145 2
214 11
192 4
4 3
123 6
56 8
185 4
197 13
239 1
69 13
45 8
250 5
239 12
37 13
13 10
135 4
133 3
27 4
40 8
223 9
20 6
258 11
16
129 148
212 138
80 147
260 139
200 149
235 146
136 144
39 142
67 145
16 138
158 149
23 141
258 140
204 142
229 144
157 148
23
186 8
13 11
165 8
130 10
57 2
142 2
26 4
192 9
203 10
126 1
64 8
86 11
182 2
255 1
159 7
36 9
147 6
219 9
26 12
5 7
106 7
132 2
234 8
20
134 147
66 138
153 146
254 149
87 142
224 146
244 146
181 149
44 146
171 142
175 144
34 144
241 143
247 138
249 144
20 150
91 142
35 149
168 145
89 145
18
229 5
98 4
150 6
29 3
236 12
34 11
234 3
76 6
158 8
244 13
207 6
19 11
170 6
151 7
4 13
148 1
219 3
228 1
20
216 148
82 147
103 140
38 142
5 142
164 147
61 143
82 139
105 139
165 141
101 146
163 138
91 149
80 143
249 139
206 141
29 142
21 149
154 145
131 145
27
202 13
214 3
21 13
171 8
155 1
212 10
148 13
123 12
151 13
34 7
81 8
142 13
132 1
171 4
140 3
8 5
208 9
52 13
245 13
10 8
212 4
40 13
56 6
82 3
101 12
60 7
233 12
24
1 143
251 141
28 145
15 141
227 145
252 140
67 147
214 138
103 139
211 146
23 143
221 148
31 149
218 143
75 143
107 147
61 138
67 140
212 149
9 138
259 138
136 149
11 149
32 138
20
88 1
116 4
182 4
143 5
101 13
30 13
182 7
47 1
25 6
150 12
168 13
160 2
13 2
180 13
109 1
32 2
170 3
215 7
107 8
197 4
27
133 148
100 138
202 148
137 141
152 140
74 138
32 144
109 145
234 150
146 140
205 139
131 144
201 140
103 144
24 144
226 150
72 142
190 149
190 140
259 139
6 140
233 138
115 149
253 149
140 149
25 150
37 139
17
226 10
233 6
200 6
56 3
117 12
195 5
24 13
105 1
39 3
73 9
17 13
21 11
132 3
215 2
247 11
50 3
154 1
26
260 148
26 147
256 148
57 150
13 149
213 140
160 146
203 139
224 140
189 146
242 148
243 147
136 141
166 141
186 143
58 139
130 147
79 142
76 141
211 142
26 139
156 149
18 143
109 148
151 148
38 144
23
101 11
173 3
59 3
84 12
26 3
22 2
122 9
126 9
97 3
233 2
222 3
84 10
204 12
55 3
190 3
230 10
157 1
9 9
177 13
36 5
5 2
85 6
20 3
19
168 147
49 141
78 139
18 138
22 145
206 146
221 145
187 140
122 143
46 150
205 146
84 144
23 142
90 147
88 148
109 147
62 138
1 141
130 144
18
235 7
245 10
137 6
217 1
162 9
4 2
191 6
19 8
127 9
123 7
72 5
251 12
8 2
110 9
253 10
215 6
39 2
70 12
22
69 150
158 143
210 140
39 138
100 142
42 146
221 141
160 138
193 140
210 149
92 138
125 148
67 150
46 146
175 148
221 144
70 143
121 144
143 143
63 150
236 140
185 149
18
184 11
246 11
196 2
178 10
190 5
100 7
6 5
183 6
37 6
164 12
228 11
167 8
82 7
205 12
249 13
211 4
35 3
176 10
19
255 140
53 147
107 148
71 144
133 146
126 139
157 138
139 145
155 147
58 143
34 139
218 141
250 138
258 149
89 138
47 143
15 145
47 147
247 145
16
18 3
238 4
43 12
171 11
5 3
203 11
207 13
127 8
63 10
158 5
208 13
65 12
145 8
121 8
138 13
59 5
16
203 145
58 141
219 149
38 140
24 141
123 139
36 144
241 142
114 140
207 140
126 142
137 147
136 143
250 143
219 150
180 140
27
187 5
199 7
120 10
166 13
189 5
232 8
155 13
260 8
181 1
148 12
108 9
106 10
186 5
253 9
24 3
213 12
125 3
188 7
130 4
176 12
153 2
33 1
247 9
134 8
241 10
196 8
170 8
20
217 139
30 140
60 138
135 140
179 148
113 148
133 147
65 139
68 140
88 143
193 147
190 143
189 149
23 138
39 144
75 150
172 142
239 140
9 143
18 148
