9 20 76 103
1 1
1 2
2 2
2 4
2 5
2 6
2 7
2 8
2 9
2 10
2 11
2 12
2 13
2 14
2 15
2 16
2 17
2 18
2 19
3 2
3 4
3 19
4 2
4 4
4 6
4 7
4 8
4 9
4 10
4 11
4 12
4 13
4 14
4 15
4 16
4 17
4 19
5 2
5 4
5 17
5 19
6 2
6 4
6 5
6 6
6 7
6 8
6 9
6 10
6 11
6 12
6 13
6 14
6 15
6 16
6 17
6 19
7 2
7 19
8 2
8 3
8 4
8 5
8 6
8 7
8 8
8 9
8 10
8 11
8 12
8 13
8 14
8 15
8 16
8 17
8 18
8 19
1
5 16
1
2 1
1
5 15
1
3 1
1
5 14
1
4 1
1
5 13
1
5 1
1
5 12
1
6 1
1
5 11
1
7 1
1
5 10
1
8 1
1
5 9
1
9 1
1
5 8
1
9 2
1
5 7
1
9 3
1
5 6
1
9 4
1
5 5
1
9 5
1
4 5
1
9 6
1
3 5
1
9 7
1
3 6
1
9 8
1
3 7
1
9 9
1
3 8
1
9 10
1
3 9
1
9 11
1
3 10
1
9 12
1
3 11
1
9 13
1
3 12
1
9 14
1
3 13
1
9 15
1
3 14
1
9 16
1
3 15
1
9 17
1
3 16
1
9 18
1
3 17
1
9 19
1
3 18
1
9 20
1
4 18
1
8 20
1
5 18
1
7 20
1
6 18
1
6 20
1
7 18
1
5 20
1
7 17
1
4 20
1
7 16
1
3 20
1
7 15
1
2 20
1
7 14
1
1 20
1
7 13
1
1 19
1
7 12
1
1 18
1
7 11
1
1 17
1
7 10
1
1 16
1
7 9
1
1 15
1
7 8
1
1 14
1
7 7
1
1 13
1
7 6
1
1 12
1
7 5
1
1 11
1
7 4
1
1 10
1
7 3
1
1 9
1
6 3
1
1 8
1
5 3
1
1 7
1
4 3
1
1 6
1
3 3
1
1 5
1
2 3
1
1 4
1
1 3
