42 38 148 2
34 35
33 30
15 9
29 27
21 9
1 18
30 21
13 9
3 11
13 36
16 9
35 27
1 21
17 20
40 27
17 9
23 18
30 18
35 9
10 9
33 34
27 20
15 27
38 27
24 9
3 18
36 8
8 23
35 31
6 23
34 9
13 18
36 27
22 9
12 27
37 15
31 18
29 30
11 27
33 9
36 9
13 10
23 27
24 27
41 27
20 9
33 18
23 21
28 27
13 4
30 6
5 18
37 10
20 18
11 9
12 9
23 9
32 27
13 27
30 23
8 18
7 18
22 18
21 27
37 9
29 9
17 18
4 14
35 19
17 28
24 14
31 31
28 18
30 27
34 30
6 16
28 9
38 9
26 18
30 9
30 13
28 30
17 27
40 9
18 27
19 27
39 9
38 34
22 27
37 27
2 16
21 11
22 21
10 27
21 12
8 19
18 9
41 9
6 18
14 27
39 27
19 11
25 27
12 1
29 18
32 9
19 18
32 35
32 18
14 18
30 28
34 27
15 18
26 27
18 35
27 9
24 18
4 18
31 9
20 27
27 27
9 25
34 12
26 9
36 16
19 9
14 9
27 18
31 20
2 7
11 18
17 2
31 27
21 18
42 27
13 22
10 18
42 9
25 18
20 37
12 18
9 18
2 18
16 29
16 18
17 19
25 9
18 18
16 27
7
38 38
5 19
20 35
13 38
15 28
13 5
21 17
8
14 19
25 15
37 4
36 30
11 22
23 6
33 27
19 4
