0,1,2,3,4,5,6,7,8,9,10,11,12,13,14,
1662951,	906,	356,	341,	285,	86,	10,	0,	0,	0,	0,	0,	0,	0,	0,	
0,	0,	326792,	1327218,	5712,	2358,	642,	459,	536,	410,	590,	210,	16,	1,	0,

8286684,	4678,	2070,	1665,	1329,	531,	59,	2,	0,	0,	0,	0,	0,	0,	0,	
0,	0,	889307,	7350565,	28672,	13140,	3750,	2343,	2879,	1916,	3169,	1119,	154,	12,	0,

0,1,2,3,4,5,6,7,8,9,10,11,12,13,14,15,16,17,18,19,20,21,22,23,24,25,26,27,28,29,30
37885950, 21574, 9507, 7467, 6089, 2381,249, 2,0,0,0,0,0,0,0,0,0,0,0,0,0,0,0,0,0,0,0,0,0,0	
0,0,4163556,33499232,135585,64171,17608,10858,13338,8588,14549,5116,559,57,1,0,1,3,1,0,0,0,0,0,0,0,0,0,0,0,0

0,1,2,3,4,5,6,7,8,9,10,11,12,13,14,15,16,17,18,19,20,21,22,23,24,25,26,27,28,29,30,
19816028,	11266,	4900,	3904,	3181,	1278,	151,	3,	0,	0,	0,	0,	0,	0,	0,	
0,	0,	1888769,	17811182,	70376,	33420,	9243,	5574,	6901,	4502,	7707,	2690,	313,	37,	4,	0,	1,	0,	0,	0,	0,	0,	0,	0,	0,	0,	0,	0,	0,	0,	0,