20 40 50 1 5
52 48 58 60 49 59 48 49 51  0  0  0  0  0  0  0  0  0 55 59 57 60 50 56 51 54 57  0  0  0  0  0  0  0  0  0 55 57 55 53
57 59 54 57 52 48 48 59 56  0  0  0  0  0  0  0  0  0 53 51 50 48 50 53 55 56 50  0  0  0  0  0  0  0  0  0 52 50 55 50
56 50 59 60 55 59 58 55 52  0  0  0  0  0  0  0  0  0 51 60 58 56 58 48 49 51 53  0  0  0  0  0  0  0  0  0 52 52 48 59
59 57 51 52 49 55 50 54 56  0  0  0  0  0  0  0  0  0 58 59 60 58 53 59 49 57 57  0  0  0  0  0  0  0  0  0 53 60 55 51
48 59 50 60 50 55 48 59 60  0  0  0  0  0  0  0  0  0 57 51 50 60 49 54 52 54 59  0  0  0  0  0  0  0  0  0 48 57 54 53
58 57 49 50 50 58 56 53 49  0  0  0  0  0  0  0  0  0 51 48 53 54 55 56 57 52 52  0  0  0  0  0  0  0  0  0 55 51 51 52
54 50 57 56 51 58 51 59 58  0  0  0  0  0  0  0  0  0 48 56 49 48 60 59 58 52 59  0  0  0  0  0  0  0  0  0 54 50 50 51
58 56 52 52 57 58 49 48 59  0  0  0  0  0  0  0  0  0 50 57 49 51 56 57 58 48 57  0  0  0  0  0  0  0  0  0 48 55 58 50
50 54 55 56 49 57 50 60 49  0  0  0  0  0  0  0  0  0 53 51 55 55 59 53 58 58 57  0  0  0  0  0  0  0  0  0 50 57 53 53
56 48 54 57 59 50 52 52 59  0  0  0  0  0  0  0  0  0 48 54 56 53 54 60 49 53 52  0  0  0  0  0  0  0  0  0 54 58 57 58
56 60 59 58 59 58 57 57 48  0  0  0  0  0  0  0  0  0 55 49 50 49 51 48 54 53 49  0  0  0  0  0  0  0  0  0 59 56 49 51
55 49 53 54 54 55 53 58 55  0  0  0  0  0  0  0  0  0 48 48 54 52 60 58 58 48 52  0  0  0  0  0  0  0  0  0 49 55 53 57
60 49 57 51 54 57 50 52 52  0  0  0  0  0  0  0  0  0 55 58 59 50 51 51 58 56 52  0  0  0  0  0  0  0  0  0 50 53 57 50
52 50 53 49 56 59 50 49 57  0  0  0  0  0  0  0  0  0 56 48 54 58 58 51 56 58 54  0  0  0  0  0  0  0  0  0 57 49 50 56
59 56 60 56 52 60 50 54 56  0  0  0  0  0  0  0  0  0 59 54 59 59 48 57 50 58 50  0  0  0  0  0  0  0  0  0 58 53 52 52
56 60 48 59 53 59 60 54 57  0  0  0  0  0  0  0  0  0 53 56 52 58 53 49 53 53 58  0  0  0  0  0  0  0  0  0 60 54 51 48
60 60 57 55 49 53 53 48 53  0  0  0  0  0  0  0  0  0 52 50 54 50 57 53 56 52 51  0  0  0  0  0  0  0  0  0 60 49 50 60
53 57 54 54 50 53 55 50 55  0  0  0  0  0  0  0  0  0 55 53 54 58 55 51 58 58 53  0  0  0  0  0  0  0  0  0 51 49 59 54
49 50 50 54 59 53 49 59 60  0  0  0  0  0  0  0  0  0 53 57 54 60 50 55 49 57 55  0  0  0  0  0  0  0  0  0 55 51 54 53
48 57 58 51 60 55 54 51 52  0  0  0  0  0  0  0  0  0 52 52 52 54 48 52 57 50 56  0  0  0  0  0  0  0  0  0 54 53 56 48
