90 100 30 1 4
25  0  0 18 23 27  0 12 16  0 26 28 30  0  0 25  0  0 23 22 17 17  0  0  0 13 26 20 27 29 11 19 21  8  4 25 21 22  0  0  0  0 15  9  3 16  0  0 30 17  0 27  9 12  0  0  0 28  0  2 28  4  0  0  6  0 14  0  0 12 12  0 25  5 19  0  0  0 30  0  0 30  0  0 14  0  0 30 23 27 12 30  4  0  0  0  0 26  0  0
20  0 27  0 18 15  0  0  0  0 22 22  0 28  0  0  0 21 18 16  0  0  0  0 23  0  0  0 19  0  4 28  2  0 27  0  7  0 19 21  0 26 13  0 29  0  5 31 28  7  0  0  0  0  0 17 30 23 21  0  0  0 11 11 16  0  0  0 30 17  0  0  0  0  0 24 15  0  0  0  4  0 12  0 11  0 23 15  0  0  0  0  2 29  0  3  0  0  0  0
15  0  0  0  0 20  0  0  0  0 11 19  4  3  7 30  0 14  0  0  2 21  0  0 29  0 30 31  0 20  0  9  5 24  4 12 20 29  0  0  8 27  0 23  0  1 23  0 11  0  0 23 12  0 27  0 24  0 22  0  0  2 20  0  4 27  0  0 27  0  0 22  0  0  0  0 16 26  0  3 30  0  0  0 22  0 23  1  0 14 22 11 14  7  6  5  6  0  0 22
 3 29 17  0  0 17 13 10 17  0  0  0  4  6  0  8 24  0  0  0  0  0  4  0 11  0  0  2 12 12  0  4  0  9  1  2 14 11  0  0  0 12 21 14  0 13  0 29 30  0 16  0 17  0  0  0 22  0 25  2  0 16 15 22  0 30  0 11 20 14  0 19  0  7  0 24  0  0  0  0  0 10 10  0  7 26 27  7 18  0 29  0 28  0  0  0  0  6  0  0
 0 23  0  2 24 22  0  8  0 10  0  0  7 28  1  0  0  0  0  8  7 12  0 11 28 30  0  0  6  0  0 31  5  0  0  2  0 25  0  0 24  0  0 21  7 21  0 15  0  8 23  0  0 31  0  0  5  0  0  7 25  3  5  0  0 11  8  1  0  0  7  0 23  0 11 24  3  0  0 25  0  0 16  0  0 10  0  1  0 23  0 16 22  0  0  0  0  0  0 28
 0  0  0  0  2 10  6  4  4  0 23 31  0  0 14  0  0  5 20 15 20  0  0  0 10  0 31 31  0 17  0  0 13  0  0  0  6  0 12 26  0 29 17  0 11 16 23  9 19  4 23  0  0  0  0  0  0 28  0  0  0  0  1  0  0  0  0  0  0  3  0  6  0  0  0 20  8  0  5  1 10  3 20  0  3  0 12  0  0  0 12  0  0  0  0  9 16 29  4  0
 0 15 31  2 19 20 12 16  8  0 26  0  0  2  0  0  1  0 23  8 24  2  0  0 29  0  8  0  0 29  0  0  0 13  9  4  0 30  0 13  0 18 20  4 10  0  8  0  6  0  3  0  0  0  0  4 18  0  0 19  0  0 21  0  1 13  0 14 17 31 14  0  0 24  0 24  6  0  5  0  0 21 27 16  3  0 31  0  0  0 14 19 18 12  0  0  0  2  0 14
 0  0 18  0  0  8 12  0 14  0  0  0  0  0  0 11  7 18  0  0 25 18  1  0 29  0  8  2 19  9 13  0  0  0  0  0  0  0 13 12  0  0  0  9 27  0  0 28  0 11  0  0  0  0  5  2  0  0  0 30  0  0 21  0 27  0 13  0 16  6  0 30  0 24  0  0  0  8  0  0  3  0 30  0 11  0  0  0  0  0 10  0  0  0  0  0  0  0  0  4
 0  0  0  0 25  0 61 60 59 58  5  0  0  0  0 29 19  0 29  0  0 22  0  0  0 19 29  0  0 14  0 14  0 14  0 10 29 27 16  0 20 24  5  0 22  0  0  0  0  0 24  0  0 10  0  0  1 25  0  0 27  0  0 15  0  4 25  0 23  0  0 31  0 18 25 15  0 15 10  0  0  5  0  0 24  0 11 10  0  0 21 26  0 15 14  0 28  0  0  0
27 23  0  0 27  0 50  0  0 57  0  8  0  0 13  0  0 24  0  4  0 21  0 19 15 31  0  7  0  6  6  8  0  0 29  7  0  8  0  0  9 29  0  8 27  0  0 17  0  0  7 19 12  0  0  0  0 18 27 30  3  7  4  2  6  0 18 21  0  3 14 21 31  0 28  7  0 12 28  0  0  8  9  0  0  0 27  0  7 22 14  0  0  1  0 22 23  0 28  8
 0  0  0  1  0  0 51  0  0 56 24  0 23  0 18  0  0 12  0  0  0  0  3  0 16  0  0  0  8  0  0 20  6 21  0  0  0 10 22  2  0  0 12  5 18  0  4  0  0  0  0 11  4  0 28 10  0  0  0 27  0  0  0 28  0  0  0  1  0  0 13 15 30 26 31  0  2 12  9 28  0  2 10  0 21  0  0  0  0 20  4  0  0  0  5  0  0 22  0 30
12  0 14  0  0  0 52 53 54 55  0 31 15 12 11 18 17  0  0  8  0  5  0  0  0 15 11  4  0  6  0  0 17  0 24  0  0  6  0  1  0  0 22 22  9 13  0 30  0  0 30  0  0  0 24 26  0  0  5 24 21 13  0 17  0 13 31  0  0  0 29  0  0  0  0 31 17 20  3 26  0  0  0  6 24  7  0  0 11 15  0 19  0  2 20  0 24  0 13  0
 0  0  0 21  7  7  0  0 18  7  0  0  5 21  0  0  8  0 19  0  0 23  0  0  0 31  0 17  5  0  0  0  0  0 14  0  0 27  0  6 31  0  5  0  1  9 12 10 13 14  0  0  0 18 30  0  0 11 24  5  0  0 24  0  3 23  0 30  0 17  0  0 20 23  5  0 27  0  9 31 10  0  9  0 27 20  0  2 17 16  0 22  1  0  0  7  0 13  0  5
 0  0  0  0  0  7  0  0  0  0  0  0  0  0  1 24 13 16  0  0  8  0  0  0  0 25  0 25  0  0  0  0  0  0  0  0  3  0  0  0 26  0  0 13  0  0  0 20  9  1 14 25 12 16 20  0 28  0  0  0  0  0  0  0  0  1  0  9  0 25 18 22  0 18  0 15 29  0  0  0  6  0  3  0 18 20  0  0 24 29 28  0 24  0  0 28  8 20  0 23
18 11 25 20  8  4 17  0  0 30  0  0  0 28  0  8 28 23 18  0 24  5  0  0 29  0  7  0  0  0 24  1  5  6  0  0 12  0  0 20 19 18 11 17  7 13  0  2 25 29 29  0  0  0  0  0  0 25  0  0  0  0  0  0  3 22  0  0  4  0  0  0 10  3  0 20  0 22  0 31 26  0  7  0  0  0  0  0 18 24 31 23  0  0  0  0  4  0  3  0
 0 16 12 25  0  8 13  0  0  7  0  7  7 29  0  0  0  0  0  0  0 12 12  0 21 18 16  0 12  0  6  7  0 21  0  0 27  0 22  0  0 29 13 17  0  0  0  0 27  0  0  0 20  0  0  0 12  0  0  0 13  8  4 14 28 10 12  0  0 18  0 11 17 23  0 14  0 16 27 27 27  1 13  0  0 23 23 25 18 15 23 15 22 11  0  6  0 18 29  0
 0 23  0  9  1  7  0 12 12  0 30 17 27 31 31  0  1  0  0  0  0  0 12  0  6  0  0 25  0  7  0  9  0 30 30  0  0  7  0  0 25  0 24  0 14 24  0  0  0  2  0  0  0 28 22  0 16  0  0  0  8  2 14 25  0  0 25 19  0 20  0  4  0 28 29  0  0  0 31  0  0 29  0  0  0  0 20 24  0 28 20  0  2  0  0  0  0  8  0 28
 0 13  0  4  4 14 10  0  0  0 15  0  0  6  0  0  0  0  0  7 12 17 12  0  0 23 15  0 12  0  5  0 23 16  0  0  0  0  0 30 67 66 65 24 19  0  0 10 21  4 23  0  0  0 16  0  0  0 17  0 16  1 27 30  0  8 20  0 15  0 24 23  0  0 11  0  0  0  0 13  0 22  0  0 11  0  5  2 20  0  0  0  4  0  0  9 16 20 28 21
 0  0  0  0  0  0  7  0  0 15 25  0  0 20  0  0  0 11  0  0  0 14  5  9  0  0  6 31 17  0  1  0  0 14  0 24 20  9  3  7 60  0 64 14 11  0 29  0  5 27 25  0 25  0 22 31  0 22  0 12  0 25  6  0  7  3  0  0  0 23  0  0  5  0  0 27 22  1  8  0  8  0 30  0  0  0  0  5 21  0  0 17 12  0  0 29  0  0 23 16
 4  0  0  0  0 21 14  0  0  0 19 30  0  0 20 12  0 14  0  0  6  5  0 11 29 16  0  0  0  0  0  0  0  5  0  2  0  0 18  0 61 62 63 25  0  0 12  0  0  1  0  0 18 18  0 22  0  8  9  6  0  0 26 12 30  0 25  4  0 12  0  4  3 27 25  0 15  0  0  0  0  0  0  0  0  0  0  7  1  0 22  8  0  0  4 16 19  0 24  0
 0  0 18  0 29 18 27  0  0  5  0  0  0  0  0  0  8  7  0  0  7  4  0  0  0  0  0  1  0  0  0 17  0  5  0 12  0 11 19  9 11  0 19 10  0  0 24  1  3  0 27  0 30  0  0 11 31  1  6 30  8  0  0  0  0  0  0  0  0 11 25  4 23 17  0  0  0  0  3 24  0  0 12  0 20  0 62 63 64 65 66 67 68  0  6  0  0 20  1  0
83 84 85  0  0  0  8 27  5  0 23  0  0  0 24  7  0  0  0 16 13  0  0  0  0  0 22 19  8 14  0 19  8  0 20 20 23 12 18 14 26  0  0  0 26  9  0  0  0  0 21  0  2  1  0  0  0  0  6 22 13 18  2  4  0  0  0  0  0  0  0  0  0  5  0  7  4 12 20  0  0  0 15  0  0  0 85 16  0  0  9  5 69  2  0 19 17 16  6 13
90 11 86  0  0 15 29 22 12 10  7  3 28  0 27  0  0  0 11  0  0  0  0  2  0  0  8 24 27  0 23  0 17  0  0  0 31 28  3  0  2 18 16  4  0 10 26  6 16 23  0  7  0  8  0  0 19 28  9  3  0 18  0  0  0  8  0  0  0 29 15 28  0  0  0  7 13  0  1  0 23  6  0 15  0 21 84  0 25 26  6  6 70 11  9  0  8  0 16  0
89 88 87  0 11  0  0  0 26  0 13  0  0  0  0  8  0  0  0  0  0  0  0  3  0  0  0  0  0 10 25 28  0  1 10 14  0  0  0 19  0  0  0 16  0  0  5  0  2  0  5  0 21 13  0  6 15  0 13  1  0  5  7 28  0  0  0  0  0  0  9  1 29 31  6  4  1  0 16  0 28  0  0  0  2 18 83  0  0 28  2  0 71  0 16 11  8  0 12  0
16  2  0 14 20  8  0  0  9  0 23 10 29  0 18  0  0  0  0  5  0  6  0  8  8 31  0  0  0  0  0  0  0  2  4  0 15 29 16 12 28  0 20  0 22 29  6  2 31 15 26  0 24 10 29  0  0 12  0  0  5  0  0 11 14  0  0  0 26 17  0  0 21 24  0  0 11  0  0  9  0  0  0  0  9 23 82  0 14 10 28  1 72  0 31  0  6  0  0  0
 0 28  0 15  0 31  0  0 17  0 16 15  0  0 22  3 27  0 18  0 23  7 11  2 13  8 27  0 20 10  0  0 10  0  0  0  0  0 29 25  0  0 28  0  0  0  0 17 18 15  0 25  0  0 13  0  0 14 21  5  4  0  0  0  0  0 28  0  0  1 10 10 19 16  2 20  0  0  0  2  0 17  0 14  0 30 81 13  0 22  0 29 73  0 23 19  0  0 31  8
 3  7  0 31 22  0  0  6 27  0  0 25  0 15 17 11  0  0 20 11 15  0  0 22 30 15 17  4  9  8 12  0 16  0  0 30  0 11  0  0 22 21 22  2  0  0  0  8  0 27 13 12  0 14  0 28  0 12 23 31  0  0  0  0 19  0  0  7  9  0  0  0  0 13 12 17  1  0  0 13  0 25  0  0  0  0 80 79 78 77 76 75 74  0  9  0 23  0  0  0
 3  0  0  0  0  2  9  0 17 27  0  0  0  0  0  0 11  0 22 30  6  0  0 18 14  0 12  1  0 17 18  0  0  0  0  4  0  0 30 18  0 18  0  0  0  7  0  1  0  8 16  0 12 25 26  0  0  0  0  0  0 18  5 14 11 25  0 27 19  0  0  0  0 19  8  0 15  5 21  0 31  0  0  0  0  0 27  0  0 29  0  0  0 29  0 11 13  0  0  0
 0 12 12  0  0  0 14  1  0 27 11 21  0 21  0 13  0  9  0 13  0  0  0 15  0  0  7  0 12  0  0  0  6  2  0 12  0 24  1 30  0  8  0  0  0 27  1  2  0  0 10  0  1 18  0 30 29  0 24  8  0 13  0  0 20  0 29 27  0  5 24  0  6  0  0 12  0 30  0  0 13  0 26 13  0  0  0  6  0  0 30 17  0 12  0  0 14 22  0  0
 0  0  0  0  0 31  0  0 25  0 14 11 13  9 13 13 10  0  0 28  0  0  0 27 27  0  0 29 10  0 26 19  0 18  0  4 25  0  0 30  0  0  0 28 23  0 25  0 11  0  8  2 23 23  0  0 28  0  6 11 11 16  0 12  0 30  0 24 30 10  0  0  0  0  0  0  0  0  9  0 17 28  7  0  4 14 17  0 17  0 19  0  0 20  0  0  0  0  0 23
25  7 31  0  0  0  0  0 24 11  0  0  0 30 12 15  7  0  0  0  0  0  9 14  0  0  0  0  0  0 26 27 14  6 14 24  7  0  0  6 27  0  0 30  5  5  0 11  0  0 18  0 24  0  0  0  2  0 28  0  0 18  8 30  0 18  0 22  0  0 16  0  0 29  0  0  0 11  0 24  3 11  0 10  0  0  0  7  0  0  0  0  0  0 17 27 27  3  0  0
21 18 25 30  0 10 27 14 15  0  4  0  0  0  4  0  0  0  0  0  4  8  5  0  0  0 10 19 30  0  0 24  0  0  0  8 21  9 18  0  0 22  0  0  0  0  0 29  0 12  9  0 22  0  0  0  0 25  0  3 10  1  3  0  0  0  0 29  7  0  0  9  0  0 23 19  0  0  0  0  0  0  0  0 18  8 13  0  0 20  0 11  6  0  0  0  0  0  3 19
18  0  0  0  0  7  0  0 17  2  3  0  7  0  0  0 14 16 22  0  0  0  7 10  0  0  0 27 14  0  0 26  0  0  0 15  0  3 27  7 18 19  0  0  5 25  2  6 22 12 18 26 27  3  7 20  0  0  0  0  0 25  0 11  8  0 24  0  0 27  0 30 29  4  0 23 26  0  0  0  0  0 30 19  0 22  0  0  0  0  1  0 26  0 15 15 29  0 30  0
 0  8 24 21  0  0  0 27  0  0 23  0  0  0 31 16  7 28 27  5  9  0  2  0 30  0  0 13  0 29  1  0  0  0  0 25 26  0  0 14  0 28 25  0 25  0  4 16  0 25 15  2  0  9  0  0  0 13  4  0 11  0 23  0  0  8 13  6  0  0  2  0  0  3 29  0  0 29  0  2  0 28  0  0  0  1  0  0 17  0 15 18  0  0  0  0  2  0  9 19
 9  0  0  8 31 13  0  0  6  9 20  0  0  7 26 24 21  0  0  0 30 21  0  8 29 14  0 16  5 27  0  4 29  0 29  0  0 26 19 24 17 21  0  0 13  0 17  0 25  0  0  0  0  0  0 21  0  8 31 24 15  0  0  9 28 22  0  1  8 23  0 23  0  0  0  2  1  0 20 29 11 31 19  0  0 20  3 22 30  0 22  0 21  7  2 22 15  0  0  0
 0  4  0 14  0  0 13  0  0  0 30  3  3  0  0 14  0  0 26 23 17  0  0  0  0  0  2  5  0  0 22 23 29  6  8  0 12  0  0  0  0 19 29  0 27  4 19 18  0  5 12 20  0  0  0 30  0  0  0 11 10 25 15  2  2  0  0  0  8  0  0 27  8  0  0  0  0  0 12  0 30  0  0 29  0  4  0  0  0  0  0 30  0 31 22  3 30  0  0  0
18  0 18  3 10  3 13  0  0 20 18 24  3  0  0  0  0  0  0  0 26  0  0  0  0  2 30  0  0 31  0  0  0  0  0 30 23 16  7 13 18  6 22  4  0  0 20  0 10  0  0  0 27  0  0 25  3  0  5  0  0  0  0 20  0 20  0 16 14 25  0  0  0  8  0 26  0  0 18 19  0  0  4 85 86 87 88  0  0  0  0  0 25 10 30  0  0  0 23  0
 4 19 26  0 30  0  1  0 24  4 13  0 16 12  0 23 26  0 20  0 17  0 17 21  0  5 28  2 19  6  0  0  0  9 13  1  0  3  0  0 14 23  0  0  5  7  1 10 23  0 21  2 11  0  0  0  0  0  9  8 11  0  0  0  0  5 11  0  2  0 23 25  0 15 12  0 12  0  0  0  0  0  0 47 10  7 89 13 27  0 27  0 18  0  0  0  0  0  0  0
 0 23  0 13  0  0  8  0  9  0 27  1 31  0  0 16  0 23 28  0 29 24  0  0  0  0  6 24 31 17  0  0 11 27  0 23  0 20 24  5 20  0  0 30  0 21  0 29  0 28 20  9  0  0  0  0  0  0  0  0 19  0  2 24  0  0 11  0  0 17  0  0  0  0  0 22  0  0  0  0 30  0  0 95  0  0 90  0  0  1 27 25  0  0  0  9  0 28  0 27
 0  0  0  0 27 26  0 14  0  0  8  6  0 10 21  0  0  0 12 29 17  4  0  0 27  0  0  0  0  0  0  0  0 13  0 12  0  5 19 26  0  3  0  0 24  0  0  0  0  0  0 18 14  0  0  0 19  0  7  0 18  0  0 23  0  0  0 30  0 13  6 15 25 20  0  5  1  0  7  8 24 18  0 94 93 92 91 11 28  0  0  0  0  0 10 30  0  0  0  0
 0  2 20  0 24  0  0  0 29  0  0  0  0 10  0  0  3 15  0  0 17 22  0 14  0 15  0  0  8 24 22 31 23 11  0  0  0  0  0 10  0 24  0  0  8 21  0 20  0  0 13  0 29 12  0  0 30  0 14  0  0  0  0  9  0 31 10 23 13  0  1 20 30 28 21 17  0 23 28 17 15  0  0  0 27  3  0  0 10 12  0  0  0  0  6  0  0 19 13  9
13  0 15 31 31  0  3  2 13  0 14 24 26  0  0  0  0  0 13  0  0  2  0 16  0 24  0 15 28  0  0  0  0  0  0 30 24 21  0  0  0  7  0 24 19 19  0  0  8 25  0  7 28 24 28  0 23 13  0  0 18 13  0  9  7 16  0  2 18 18  0 23  0  0  0  0  0  0 28 21  0  3  0 29  2  0  0 31  0  0  0 23  4 26 16  0 12 10  0 29
10  0  2  5  0  0  0 19  1 15  0 14 29 12  0  5 24 22  0 13 13  0 12  0  0 16  0 20  0  0  3 13  0  0 20 20 15 31  0  4  0 10 12  0 24  0  0  0 30  0  0  0  0  0 31  8 22 16  0  0  0 18 25  0 19  0 18  0 18  0  2 31  4 22  0  2 29 27  0  0  0  0 13 28 15  0  0  0 16  9  0 25  2 31 18  2  0 16  0 16
 0  0  2  1 13 10  0  6  0  9  0  0  7  0 23 25  4  0  0 14  0  0  0  9  4 20  0  3 17  2  0 16  0 31 20  6  0  0  0  6 20  0  0 21  0  4 13  0 28 30  0  0 22  0  0  0  0  8 15  0  3  0  0  0 13  0 11  0  0  0  0  5 12  0  8  0 27 16 26  0  0  5  0  6 13  0  0  0 26  0  5  0 15  3  0  0 25  1 11 19
17  0  0  0  0 17  0 29 24  6 11 19  0 29 25 10  1  0  0  0 25  0 26  7 13  0  0 26  0 22  0  2  4  0  0 19  0 30  0  0  0  0 28  7 26  0 10 17 17 17  0  0 16  0  0  0  0  9  0 13  0  0 13 20 26 25 10  7 20  0 11  6 13 29  9 12  0  5  0  0  0 25 25 30  0 14 30  0 27 24  7 14 12  0  0  0  0  0  0  0
23 10  3  0  4 29 10  0  0  0  0 23  8  0 21  0 22  0  0  0  8  0  4  0  0  0  0  3 10  0  0  0  0  0  0  9  0  0  0  0  7  0  0  8  0 12  6  0  0 26  0  1  7 13 28 12 31 13  0  0  0  0 14 14  0  0  0  0 13 26  0  0 30  0  0 21  0 30  2  2  0  0  9  0 24 23 28  2  0  0  0  1  0  0  0  1  0  0  0 30
20  0 22  0  0  0  0  1 27  0  0 30  7 19  1 30  0  0 29  0 27  0  0  0  0  0 24 22  0  0  0  0  0  0 31  0  0  0 12  0 15 12 23 20  0 28 22  0  8  0 27  0  0 15  1 11  0  0 27 19  0  0 17 10 27 11  0  6 14  1  0  0  0 22  0 11  6 11 28  8  0  7 25 18 52 51 50  0  0  0 17  0  0  0  0 22  7 23  0  0
 0 17  0 28  4  3  5  0  0  7  0  0  0 27 24  8 14 27 20  0 26  7  0  0 29  0  0 26  0  1  0  0 20  0  0 15  0  0  0 21 27  8  4  0  0  0  8 20 30 26 18 14  0 23  0  0  0  0  0  0  0 28  0  6  0  0 26  0 21  4 16 23  0  0  0  0  0  0  0 25 23 24  0  5 94 11 49 22  1 23  1  0  0  0  0 17 22  0 26  0
18  0  0 18  0  4 16  0 10 27 29  0  1 18  0  0  0  0 16  0  0 25  0  7  0  0 22 22 14  0  0  0  0  0  0  0  0 24  0  1 11  0  0 17 22 14 25  0 20  0 11  0 22 19  0  0  0  0 12  6  0  0  0  4 30  0 27  0  0 17  0 28  2 18  0  2 24 16  0 29  3  0 12  0 95 47 48  6  0 12  0  0  0  0  0  0 13  0  0 30
 2 15  0  0  0 26  3  0 13  5  0 18 83 82 81  0 11  6  0  0  0 21 16 31  0  0  0  5  0  0 29  7  0  0  0 27  0  0  0 19  6  0  0  0  0 18  1 31 15 28  0 28  0 24  0 15  2  0  0 24  0  0 30  0  0  0  2  0  0  8  0  0  0  0  0  0  0  0 25  0  9 24  0  0  0 28 14  0  2  0 13  0 14 26 28  0 15  0  0 20
 0  0 16  0  0 21 27 29  0 26  0 10 76 21 80 29  0  4  0 22 24  0  0 20 10  4  0 13 22  0 19 22 12  0  0  0  0 11  0 28 29  0  9  0 11  0  0 21 27  0  0 15 10  4 21 15  1  0  0  0  0  3  0  4 20 11 17 18  0  0 29  5  8  0  0 14  1  0 30  0  0  9 20  0 25  0  0  0  3  0  0 17  9  0 25  0 16  0  0  9
22 25  0  0  0  0  0 21  0  0  0 25 77 78 79 27  0 24 22  0  6  0 23  0 12 18  0  0  9  1  0  1  0  0  0  0  7  0 26  0 13 13  0  3  0  8 25  0 25  0 28  7  7  0 22 10  0  0 22  0 23  0 14  0  8  0 20 19  0  5 28  0  8 14  0  0  0  0  0 61 62 63  0  0  0 30 17 65 66 67 68  0 25  0  7 28 24  0  0  8
 0 23  0 24  8 26  0  0  0  0  0 29  0  0  0  0  1  0 20  0  5  0  0 25 11  0 23  0 18 23 22 18 28  0 14  0  6 18 27 18  0 30 31  2 14 14 23  0 10 21 27 13 20 21  5  0  0  0  0  0  5 18 18  0 18  0 20 16 15  0 21 16  0  9  5  0  0  0 27 68  0 64 26  1 27 27 27 76  0  0 69  0  0 24  1  0  0 28  0 31
 0  0  0  1 29  0  0  5 22  0  0 14 26  0 25 23  0 25 16  0  0  4  0 29 14  0 10  0  0  0  0 21  0  0  0  0 30 11 24 10  0 21 14 20  0  0  0  0  0  0  0  0 22  6 27 22  0  0  3 22 17 13  0  0 13  0  0  9  0  0  0 29  9 17 18  0  0  0 28 67 66 65  0  0  0  9 11 75 20  0 70 24  0  0 15 18  7 26  0 29
 0  0 30  0 12  0 12 30 16  0  0 31 27 27 25 18  0  0  2  0  0  0  0 20  2  0 27  0  0  0 21  0 20  2  8  0 22  6 16  0  0  7  0  3 30  0 21  0  1  0  4 22  7  7  0 25  0  5  3 11  0 29  0  0  0  0  0 29 30 11  0 26  0  0 22 14  0  0  0  0  0  0 16  0  0 25 18 74 73 72 71  0  0 26  0  0  0  0  0  8
30 29  0  0  0  0 31 20  0  4  0 29  0  9 31  0  0  7 13 27  2  0 11  0  0 12  3  0  0 22 21  0 23  9  0 23  0 25  0  3  0  0  1  0  9 30 10  0 15  0  0  0  0 27  0  0 12 20 28  1 16  8 22  0 15  0 22 23 10  0  8  9  0 31  8 17 19  0  0 11 13  1  0 31  0 23  0 14  0 15 18 16  0 25  0 18 21  0  9 12
31 26  0  0  0  0 11  0  0 31  1  2 16  0  0  4  0 27  0 23  0  0 27  0  0  4 17  0  0  0  6  0  0  0 11  0 16  0  0  0  9  0 17  0 19  0 23  9  0  0 17  0 30 12  0  0 14  0  0 26 31 21  1  6  9  0  0  0  5 14 26  0  0 10  2  0 28  0  0  0  2  0 11  0 17  0  4  0  0 26  9 29  0  0  0  0 17  0 29 29
 0 25  0  0  0  0  0 30  0  0  0  7 18 10  0  0 13  9 26  0  7 20  4  0  2  0  0  0  0  0  6  0 26  0  0  0  0  0  7  0 11  0  0 20  0  0  0 26  0  0  0 20 23 10  0  0  0 27  0  0  0  5 13  0 16  1  0  0  0  0  1 26 14  0  0  0  0 26  0 31 13  2 10 25  0 12  0  0  0  0  0  0  0  0  0  3 11  0 16 21
 0  0 24  0  0 23  0  0  7 22 15  0  0  0 24  0 26  0  0  0 15  0  0  0 31  0  0  0  2 17 27 14 31  0  0 24 15  7  0 15  0  0  0 27 10  4 25 18 26  0  0 15  1  0  0 16  0  0 12 15  3  0  0 28  0  0  0 18 19  0  9 15 31 27  0  5 15  0  0 22 16  1 27  0 26 19  0  0  0  0 18  0  0 24  0  0  0 11 25  8
 0  0 28 11  0  0  0  0  0 28 27  0  0  0 24  3  0 31  0 15  0  2  0  7  0 13 27 23  0 25  0  0 28 10 29  0  0  0 13  0  0  0  0 19  0  0  0  0  0  0  0 17 11  0 16 17  0  5  0  0 26  6  0  0  0  0 19  9 14 13 17 18  0  0  9 29  7  6  0 26  0  0 18 13 21  0  0  0  3 22  0  6 19  0  3 17  3 30 21 25
 0 21 27  0  9 30 31  0  0 21  0  3  9  0  6 26  2  3 10 27  0  2  0  0 25  9  0  6  9 29 19  0 21 13  0 15  0 17 22 21  0 17 18 29 24 10  0  0  9  0  0 30  0 16  0 14  0  6  0  0  0  0 13  0  1 12  7 30  0  8 18 12  0 11  0  0 10  0 10 22  0  0  0 23  0 27  0  0  0  0  0  0  0 27  0  0  0  0  0 31
 0  0 23  0  0  0 18  0 14 23  0  0 18  8  0  0 19  0  0  0 23 12 16  0 27  0  0  0  0  0  8  0 13  0  9 11  2  0  4 31 26  0  0 11 29  0  0 29  0 11  0  0  0  0 31 13  8 26  0 29 20  0  7 14 17  8  0 29 27  0  0 26  0  0  0  0  0  0  0  0  0 31  0  0 26  0 13  0  0  4  0 13 19 18 11 22  4  0  0  0
24 25 31 14 22 25 29  7  0 10  0  0 15  0 21 23  6 10  3 19 26  6  0  0  0  0  7  0  0 17  0 17  0 30 14  0  0 10  0  0  0 28  9  0  0 27  0  0 25  0  0  9  0  0  0 16 25  0  0 24  0 22  0  5  0  0  6 21  0  0  0 12  0  1  0  0  0 17  0  2 26  0 22  3 14  8  0 12 20  0 12  0  0  0 22 30 25  0 15  0
 0  3  0  0 25  0  0  8 11  0 21  3  4 26 23  0  0  0  0  3 16  0  7  4  0 24  0  9  0  0  0 18 17 30 16  0  0 30 22  0  0  0  4  0  9 19  0 18 22 30  2  6 15 31 23  3  0 12  9 11  0 14  0 31 31  6  0  0  0 15 28  0 13  5  0 31  0 31  0  0  0  0 25  0  0  2 16  0  0 26  0  0 19 16  0  0 26  0 19  0
 5  0  0 27  0  0  4 31  0  0  0  0 18  0  0 13  0 26 10 25 25  0  0  2  3  0 19  0  0  0 16  0 25  0  0  0  0 21  7  0  0  0  8  0  7 23  0 14  0  0 15  0  0  0  7  0  0  0  8 11 15 30  0  0  0 29 18  2  0 20 23 19 22  7  0 30 21  3 20  0 11 17  0  0  7  7  0  0 14 31  0  1 18 26  0  0  0 21  0  0
 0  4  0 16  0 12 25 18  7  6 28 18  1 25  0  2  0  0  0  0  1 29  0  0  0  8 26 30  0  0 23 14  0 26  0  0  0  2  3 22  0 16 19  0  0  0  0  0  0  0  0 11  0 29  0 27  0  0 19  0  0  0 15  1  0  0  5 19  0 23 24  0  5  0 26  0  0  0  0  0 15 25 23 16 16  8 19  1  0  9  0  0 16  0 16  0  0  0  0 27
 2  0 10 15 27  0 21  0  7  0  0 19 11 28  0  0 23  0  4  3 12  0  0 25  0 10  0  0  0  0 20  0 12  0  0 11  0  0  0 12 14  0  0  6  0  0 29  0  6 16  0 25 19  1 31 12 22 12  0 17  0 68 67 66 65 19  0  0  0  0  0  0  0  0 11  0  0  0  0 26 28 31 25 14  0  0 17  1 14  0 16  0 30  0  0  0 16  0  0  0
14  0  0 14  0 21 19 23  0  7 28  0 10 29  0  0  2 15 12 13  0 27  0  0  0  0 23  0 25  2  0  0  7  0 31  0  0  0  0 14 11  0  0  0  0  0  0 13  0 25  0  0  0  0  0 21 23  5  0 64 63 57 61 16 64  2  0 15 23 21  0 23  0 17 12  0  7  0  0  0  0  0 24 13  0  0  0 27 10  0  8  5  3  6  2  0  0 25  0 13
30 19  0 11 23  0  0  5  0  0  0  0 22  8  0  2 15 30  0  0  0 28 22 29  8  0 30 28  0  0  0  0  0  0 19  0  0 18 14 17  0  5  0  0  0 10  0  0  9 10 19  0  0  0  0 10 20  0  0 53  0 58 60 31 63  0 21  0 67 68 69 70  0  8  0  3 27 10  0 13  0 26  5  0  0  0  0 26  0 27  0 30  0 24  0  0  0 14 30  0
 0  5  0  0  0  0  0  0  0  0 13 22 27  0  0  9  0  0 16  0  0  0 30  6  0  0 16  0  0  0 14 24 11  0  7 12  0 22  0  0  0  0  7  0 22 19  0 13 17 10 20  0 27 13  3  0 18  0  0 54 23 59 60 61 62  0  0 26 78  3  0 71  7  0 26 20  0 10  0  0  0 18  0 21 20  0  0  0  5 22 17 28 23  0 18 12 29  0  4 29
28 13 18 13  0  0 30  0  0  3  0  0  4  0  1 27  0 85 84 83 82 81 80 79  0  7 10 14  0  0 21 30 17 30 18  0 18  0  0  0  0  0  0  0  0  0 11  0 69 70 71 72 73 74 14  9  0  0 28 55 56 57 58 29  0 21 25  3 77  0 27 72  0  0  0 21 15  0 14  0  0  0  6  0 16  9 19 14  8  0 21 30  0 18 28  2  0  3  0  0
 4  0  0  0  0  0  0  0  0 19  0 19 18  0 16 14 14 62  0  1  3  8  0 78  5  0 19 11  0  0 23 23 24  0  0  0  5  0 27 15 31  0  4  0  8  0  4  0 88  5 14  2  0 75  0 16 10  0 23  0  0 18  0  8 10  0  0  0 76 75 74 73  0 17 15 17  0  0  0 11  0 10  0  0  0  0  3  0  0  2 26  4  4 18  0  5 20 11  0  0
30  3  0  0  0  0 12 19  0 26 27 10  6  0  9  0  9 63 20  0  7  0  3 77 31 18  0 30  0 31  0 16  0  0  0 22  0 14 21  0  0  0  0  0 19  0  0  1 87  0  0 15  0 76 19  0 27 28 21  0  0  0 27  7  0 18  0  2  0  0 29  5  0 30  0  2 17  6  6  0 25 10 19  0  0 30  7  0 23  0 17  0 10  4  0  0  0  0  0  0
10  0 30 26 22  0  0  0 16  0  0  0 19 17 27 16  0 64 26  0  0 20  0 76 12 15 16  0 10  0  0  0  6  0  0 23  0  0  0  0 19  9 25 14  0  0  0  5 86  0 19  0  0 77 13  0  0 17  0  0  0  0  0  3  0  0  0 25 29  0 31  0  0 19  0 26  0  0 10 26  7 27  0  0 14 25  0 17  0 15  0  0  0  0 25 14 24 16  0  0
31  0 17  5  0  9  0  0  0  7  0  1 19 30 25  8  3 65 13 19  8  0 22 75 26 31  0  0  2 15  0  0 24  0  0 31 27  0  2  0  0  0  0 16  0  0  7 16 85 27 27  0  0 78 23  0 17 19  5  0 28  9  0  0  0  0 20  0  0  0 24  0  0 20 17  0 24 30 29  0  0  0 11  0  0 19 19  0  0  0 21  0  0  3  0 24 26  0  7  0
 0  0  0  0  0  0  0 23 31  2  0  0 14  0  0  8  0 66 27  5  0 12 28 74 25  0 27  0  0  0 17 82 83 84 85  0  0  0  5  4  0 22  0 20  0  0  0  0 84 83 82 81 80 79  0  3  0 12 15  0 11 16 27 23  0 17  0  0  0  0  0  7  0  0 27 23  0  0  0  3 13  0 16  0 31 18  0 26 28  0  0 28 29  3 25  0  0  0 30  0
21 19 11  8  0  0 24  0  0  5  0  0 20  0  0  0  0 67 68 69 70 71 72 73 21  4 90 91 92 93 94 93  0 23 86 10  0  0 14  0  6 12 29 12 11 30  7 16  0  0  2  0  0  2  0  0  0  0 11  0  0  0 31 12  0 29  0  0  0  0  0  0  5 24  0 30  0  0  0  0  0  0  0  0  0 10  0  0  0  0  9  1 28  0  3  0  0  0 22  0
16  0 31  0  0  0  0  0  0  0 10 19 29 88 89 90  0 20  0  0 18  0  8  0  0  0 60 19  3  0 27 92  0  6 87 22  0 31  0  0  0 18 17  0 16  0  0 19  0 23  0  0  0  0 16 26  2  0  0 28  0  0  0 30  0  0 17  0  0 23 24  0  0 24 25 21  0 16  0  7 22  0  0  0 14  0  0  0  0  5 30  0  0  0  7  0  0 24 13 31
14  0 10  0 26 31  9  7 18  3 22 20  8 95 20 91  6  0 30  0  0  0  0  3  0  0 59 19  0 22  8 91 90 89 88  0  0 10  0  0  0  0  0  0  0 12  0  0  0  0 13 17 19  9  0  4 29  5  0 16 15  0  8 20  3 31  0 22  0  0  0 20  0  0 28 27  0  0 27  0  3  0 19  6  0  0 13  0  9  0  0  0 19  0  0  0 10  0  0  0
 4  0 22 11  0  0  0  0  0 25  0  1 26 94 93 92 86 87 88 89 90  0  0  3  0  0 58  0  0  0 15 49  0  0  0  0 21  0 11 25  0 31 13  5  0 19  0  0  0  0  7  2 10  0 19  0 17 30  0 23 11 27  0  1  0  0 10  0 24 30  0 12  0  0 31  9  0  5  0  0  0  0  0  0  0 29  0 11  0  0 26  0 18  0  1  0 17  0  0 21
16  0  0 24  0  0  0  0  2  8 11 27  0 30  0 24 52  0  0 14 91 26 12  0 25  0 57  0  0  0  4 50 20 26  0 26  0 26  0  0 13 30  0  0  0 29 17  0  0 30  0  0 26  0  0  0  0  0  0 25 27 19 14 30  0  4 64 63 62 21  0  0  0  6 14  0  6  0 29  0  0  0 13 20 12  6 28  0  0  0  0 22 11 28  0 30 30  0 11 16
 0  1  0  0 29 15  0  0  0  0  0  0 25 15 20  0 51  0  0  4 92  0  0  0  0  2 56 55 54 53 52 51 12  0  0  0 11  0  0  0 27 31 11  0  0 18  0  2  0 19 14  2 70 69 68 67  0  0 15  4  0  6 22  0 12  0 57  0 61  0  0  7 23  0  0  0  0 18  0  0  0  0  0  0  0 23 31 19  0  6  0 18  0  0  0  0  0 25  0  2
 0  0 19  0 11  0 22  0 23  6  9 26  0  0  0  0 50  0  0  0 93  0  0  0  0 19  0  0  5  0  8 13  8  0  0 17  8  0  0 20 15  2  0  6  0  0 21 17  7 24  0 21 59  0  0 66  6 25  0 29  0  0  0  0 12  0 58 59 60 72 73 74 75 76 24  0 25  0  0  0  0  0  3  0  0  0 18  0  0  4 21  0  0  0  0  0  0  0  0  0
 0  0 24  0 17  0 27  0  4  0  8 18 27  0 10 28 49 48 47 95 94  2  0  3 19 12  0  6 23  7  0  0  0  0 17 27  0  0  2 23  0  0  0  0  3  0 19  0  0 21  0  0 60  0  0 65  0 30 15  0 21  6 10  0  0  0  0 10 17 87  0  0  0 77 16  0  0 12  0  0  0  9 20  0  6 17 31  1  0  0  5 22  0  3 19  0  0  0 24  0
 0  3  0 26  0  0 10  7 26 25  0 13  0  0  0  0 16  1  1  4  0  0  0  0 28 29  2  0 19 23  5 27 30 22  8 27 24  0  0 10  0  0  7  0  0 15 18  8  0  0 12  0 61 62 63 64  0 18  0  0  0 27  4 26  0 26  0  0  0 86  0 24  0 78  0 30  0  0 20  0  0 31  5  0 27 29  0  7  6  0  9  0 22  0  0  0  0  0  0  0
 0  0  0  0 16  0  0  0 21 30  0  9 10  0  0  0  0 21 31  0 10  8  0  0 30 16  8 22  0  0 19  6 31 13  0  0  0 17  0  0  9 24  0  0  0 18 30  0  0  0  5 17  0 22  0  0  0  0  0 30  0  0  0  0 26  0  0 10  5 85  0 11 21 79 25 15  2  0 16  5 15 27  7  0 21 16  9  0  0  0 12  0  0  0  0 12  0  0 11 28
 0 18 12  0  2 21  0  0 28  0 12  0  0 14  0  0  0  0  0  0  0 24  0  0 31 11  0 24 25 25  4  0  0  0 25 29 16  0  3  0 28  0  0  0 12 11  0  0  0  0 27 14  0  0  0  0  2  0  0  6 30  0 17 23  7 11 28 18  0 84 83 82 81 80  1 27 18  9  0  0 29  0 26 30 59 60 61  0  0  0 23  0  0 19  0  0 21  0  0 10
 5  0 18 23  0  0  0  0  7  0  7 21  0  0  0 23 21  0  9 28 18 19  4 21  3 30  0  0  1 19  3  0  0  0  0  0 26 21  0  0 27 13 17  0  0  0 27  0  0 13  0  0  0  0 13  0  0 31 19 21  0 11 24  0  0  0  0 16  0  0  0  0 31  5  0 27  0  0  0  0  0  0 17  0 66 27 62  0  4  0  1  0  0 28  0  0  0  0  9  0
13  0  8  4  0  1  9  0 11  0 15  0 17  4 24 19  6  0  0 13  0 29  3 12  0  8  0  0  0 30  0 30  5  0 22 25 25  3 12  3 20  0 12  6  0 22  0 18  0 20  9  0 16 22  7  0 17 19  0 22  0  9 13 26  5  0  0  0  9 26 19  0  3 29 12 28  0 30  0 23 11  0  9 10 65 64 63  3 15  0  0  6  0  1  0  0 28  0 17  2
22  0  0  0  0 10  6 12 20  0  0 26  0  0  0 12 28  0 17  0  6  2  0  0 30 28  0  0  0  0  0  0 24  0 16  0  9  0  0 23  0 20  0  0  0  4  3  0  0  0 27  0  0  0  0  0 15  0  9  0  0  0 15  3 11 10  0  0 19  0 24 22 23  5 28  0  0  0 17  0 12 21 11  6 19  0  0  0  2 21 25  0  0  0 29  0  0  0 20  0
