20 161 10 10
18 17
9 16
16 11
12 10
5 14
16 15
14 19
5 1
15 4
2 11
10 17
16 13
13 14
5 16
10 1
14 11
14 1
20 10
8 15
20 19
12 6
4 10
13 5
13 12
8 6
19 18
10 8
3 1
14 7
12 11
16 8
4 20
17 6
17 5
11 15
18 7
7 15
16 6
5 2
18 8
8 13
4 8
15 14
19 3
2 17
17 7
10 5
2 8
13 3
17 8
13 17
1 6
3 16
8 9
14 20
2 3
12 18
4 16
6 10
12 17
19 8
12 7
7 6
19 7
9 6
12 3
11 10
1 17
2 9
1 13
13 20
3 8
16 14
14 2
4 17
11 9
7 5
3 20
15 5
18 1
1 4
15 12
14 9
2 1
17 9
7 8
5 19
6 20
11 8
2 7
6 18
3 4
18 9
11 13
1 19
20 12
20 16
6 13
9 10
10 2
11 7
12 14
15 17
15 3
12 4
16 18
2 18
20 5
18 5
20 11
3 18
9 12
2 15
4 6
3 10
8 12
2 12
8 5
20 15
1 12
5 3
3 7
15 6
9 4
5 11
6 5
19 17
16 12
4 13
6 14
18 11
14 17
10 7
6 3
20 18
14 8
9 1
9 20
1 20
16 1
11 3
6 2
7 20
18 14
19 2
5 9
4 14
9 13
19 12
11 6
3 14
19 4
15 19
15 18
5 4
15 10
10 16
15 13
13 7
11 17
18 10
