150 150 30 1 10
15 28 31 45 12 39 43 28 49 49  0  0  0  0  0  0 15 24 50 14 17 15 14 12 23 39 30 26 29 50 43 12 48 20 35 50 35 50 26 18 20 16 19 18  0  0  0  0 13 46 24 36 33 44 47 33 31 38 38 22 37 26 23 35 35 23 14 42 41  0  0  0  0  0  0 49 30 30 35 47 49 12 21 33 18 44 45 18 16 24  0  0  0  0  0 17 24 43 34 44 35 15 18 47 33 38 19 17 45 42  0  0  0  0  0 35 19 47 47 46 47 36 45 15 26 31 47 39 49 38 20 30 23 50 15  0  0  0  0  0 49 34 49 38 38 49 41 23 45 23
39 21 34 15 48 43 43 48 12 31  0  0  0  0  0  0 40 38 20 41 22 16 45 47 13 13 21 39 27 36 29 38 36 30 33 12 19 32 25 50 13 23 13 20  0  0  0  0 29 20 20 28 20 12 20 17 21 50 32 17 38 24 34 13 41 34 36 22 35  0  0  0  0  0  0 37 31 41 49 28 24 50 14 34 41 32 19 28 25 38  0  0  0  0  0 48 39 29 37 48 20 17 46 24 15 21 34 34 25 37  0  0  0  0  0 23 24 23 13 19 46 23 22 27 28 42 24 30 43 29 35 44 41 46 43  0  0  0  0  0 43 14 45 35 24 45 28 25 41 16
43 39 23 35 47 40 31 35 36 44  0  0  0  0  0  0 41 23 30 17 27 22 39 47 36 23 38 26 24 32 26 40 41 43 21 25 50 29 40 41 37 39 32 24  0  0  0  0 43 38 29 31 24 34 48 19 41 19 39 43 24 48 32 38 34 23 28 13 47  0  0  0  0  0  0 37 45 23 27 35 33 23 23 22 37 16 38 17 18 20  0  0  0  0  0 27 25 28 16 17 36 31 14 47 25 12 38 22 38 44  0  0  0  0  0 31 13 33 20 30 19 45 49 30 24 35 39 33 16 16 21 38 17 50 42  0  0  0  0  0 50 16 46 39 29 13 33 18 19 24
44 18 46 42 18 18 48 43 21 48  0  0  0  0  0  0 14 43 21 29 47 29 22 43 26 15 30 29 34 15 18 43 16 17 16 26 15 34 43 46 15 33 44 29  0  0  0  0 37 30 45 46 45 20 47 31 33 25 12 15 41 16 46 13 13 21 29 12 38  0  0  0  0  0  0 34 14 29 16 50 12 39 22 16 25 47 40 34 46 38  0  0  0  0  0 35 39 50 36 28 19  0  0  0  0 19 22 12 36 48  0  0  0  0  0 22 16 45 26 26 29 46 44 35 39  0  0  0  0 26 29 50 28 38 46  0  0  0  0  0 13 50 28 46 39 50 24 34 46 41
16 32 16 21 40 21 20 33 13 31  0  0  0  0  0  0 28 14 36 28 27 31 32 22 14 50 32 32 50 37 50 47 20 34 40 29 47 21 24 25 44 34 40 49  0  0  0  0 12 23 40 40 13 45 18 18 24 29 14 13 32 44 29 47 13 45 21 42 21  0  0  0  0  0  0 40 34 23 30 19 49 37 21 31 36 41 16 38 39 23  0  0  0  0  0 37 44 23 49 24 34  0  0  0  0 22 12 47 33 25  0  0  0  0  0 22 18 34 44 38 45 24 36 26 48  0  0  0  0 30 50 42 20 40 38  0  0  0  0  0 24 26 36 23 31 42 21 50 26 44
47 19 35 24 36 25 44 50 45 18  0  0  0  0  0  0 18 15 15 50 15 33 36 41 39 22  0  0  0  0  0  0  0 35 48 45 33 37 30 44 41 29 46 12  0  0  0  0 50 41 35 28  0  0  0  0  0  0 40 26 43 17 45 39 46 46 18 16 14  0  0  0  0  0  0 36 32 42 33 38 16 39 43 26 46 29 33 47 24 25  0  0  0  0  0 19 22 24 24 17 21  0  0  0  0 31 22 22 25 36  0  0  0  0  0 26 43 12 28 43 31 24 33 49 21  0  0  0  0 16 28 33 23 41 12  0  0  0  0  0 26 21 47 43 21 15 14 24 21 50
21 30 24 26 33 36 44 50 41 31  0  0  0  0  0  0 45 37 35 33 23 47 15 48 50 22  0  0  0  0  0  0  0 16 47 43 42 41 26 28 32 37 32 26  0  0  0  0 28 35 12 33  0  0  0  0  0  0 23 44 13 32 49 40 16 28 44 40 33  0  0  0  0  0  0 38 32 27 40 44 24 29 14 30 30 50 41 37 50 46  0  0  0  0  0 36 38 33 28 27 35  0  0  0  0 19 16 39 49 19  0  0  0  0  0 14 15 24 22 45 31 48 26 13 16  0  0  0  0 29 19 36 20 36 46  0  0  0  0  0 50 39 24 41 41 31 38 48 22 41
50 12 16 31 49 34 22 50 19 20  0  0  0  0  0  0 39 49 37 20 42 33 33 19 23 13  0  0  0  0  0  0  0 22 40 19 31 40 25 43 26 29 32 27  0  0  0  0 35 18 47 34  0  0  0  0  0  0 45 22 28 40 33 28 23 40 34 28 43  0  0  0  0  0  0 24 30 33 25 47 16 36 20 32 18 39 20 27 38 29  0  0  0  0  0 50 39 47 35 16 16  0  0  0  0 14 33 30 39 49  0  0  0  0  0 48 39 26 23 17 21 30 25 41 47  0  0  0  0 29 43 41 38 33 46  0  0  0  0  0 25 16 24 31 32 37 20 50 34 31
34 37 30 37 41 27 28 31 43 25  0  0  0  0  0  0 18 31 46 19 16 31 48 13 50 36  0  0  0  0  0  0  0 13 38 13 27 15 43 13 14 22 23 25  0  0  0  0 19 38 14 43  0  0  0  0  0  0 12 25 24 25 13 47 24 21 19 32 23  0  0  0  0  0  0 34 21 12 42 34  0  0  0  0  0  0 42 45 16 15  0  0  0  0  0 26 34 20 30 13 39  0  0  0  0 44 43 22 42 47  0  0  0  0  0 15 33 41 14 12 15 30 12 19 39  0  0  0  0 34 46 13 19 17 47  0  0  0  0  0 49 22 23 22 42 20 18 28 22 25
25 19 36 29 20 20 32 15 20 25  0  0  0  0  0  0 45 33 22 30 21 29 17 33 16 29  0  0  0  0  0  0  0 42 36 25 16 27 33 15 50 15 17 14  0  0  0  0 32 38 22 22  0  0  0  0  0  0 42 43 14 16 50 41 28 15 48 47 47  0  0  0  0  0  0 50 50 26 50 33  0  0  0  0  0  0 29 24 16 46  0  0  0  0  0 32 37 48 39 25 29  0  0  0  0 46 37 41 14 43  0  0  0  0  0 37 18 45 32 32 28 34 39 33 34  0  0  0  0 19 22 44 38 41 49  0  0  0  0  0 25 15 17 28 35 47 30 22 14 19
31 15 36 44 29 24 47 26 42 30  0  0  0  0  0  0 46 35 28 24 45 18 46 26 40 25  0  0  0  0  0  0  0 28 50 37 12 35 32 19 44 35 33 48  0  0  0  0 32 48 29 28  0  0  0  0  0  0 36 44 36 23 18 13 41 38 29 39 12  0  0  0  0  0  0 16 30 27 12 47  0  0  0  0  0  0 48 13 32 30  0  0  0  0  0 24 31 26 24 28 23  0  0  0  0 48 36 47 48 24  0  0  0  0  0 42 14 26 32 50 19 44 17 12 50  0  0  0  0 13 19 22 16 46 21  0  0  0  0  0 23 36 47 26 26 22 12 36 25 33
37 40 18 22 43 46 15 25 41 23  0  0  0  0  0  0 21 20 36 38 37 43 22 25 34 27  0  0  0  0  0  0  0 43 46 12 28 44 19 50 40 34 19 47  0  0  0  0 41 22 48 50  0  0  0  0  0  0 42 27 45 50 47 14 26 39 40 28 31  0  0  0  0  0  0 18 20 18 22 46  0  0  0  0  0  0 38 21 14 27  0  0  0  0  0 24 13 44 40 27 18  0  0  0  0 29 18 37 26 22  0  0  0  0  0 25 19 19 28 34 50 37 32 36 29  0  0  0  0 40 24 44 41 32 36  0  0  0  0  0 44 21 16 38 41 38 15 21 36 20
12 41 33 23 22 19 28 42 46 18  0  0  0  0  0  0 48 22 34 20 30 29 36 47 25 29  0  0  0  0  0  0  0 17 23 50 18 35 23 31 25 43 22 15  0  0  0  0 34 15 30 24  0  0  0  0  0  0 50 25 22 25 40 33 29 23 46 39 25  0  0  0  0  0  0 31 41 50 25 40  0  0  0  0  0  0 21 29 49 28  0  0  0  0  0 13 26 21 27 28 16  0  0  0  0 41 29 47 35 26  0  0  0  0  0 23 12 44 36 12 34 37 16 15 13  0  0  0  0 40 18 42 50 16 22  0  0  0  0  0 28 49 24 20 20 50 36 20 34 33
47 25 44 25 26 35 46 16 29 23  0  0  0  0  0  0 23 23 37 24 49 48 50 39 46 22  0  0  0  0  0  0  0 49 43 46 39 49 45 49 45 38 22 47  0  0  0  0 20 27 32 39  0  0  0  0  0  0 41 24 45 39 17 48 20 39 37 24 47  0  0  0  0  0  0 27 35 38 23 45  0  0  0  0  0  0 17 38 12 29  0  0  0  0  0 23 31 31 21 12 28  0  0  0  0 26 23 13 36 15  0  0  0  0  0 25 30 40 36 26 12 23 14 39 35  0  0  0  0 18 32 13 37 25 50  0  0  0  0  0 37 47 27 23 31 31 20 19 12 16
12 31 24 36 21 31 50 37 44 49  0  0  0  0  0  0 29 24 37 28 42 16 50 50 25 47  0  0  0  0  0  0  0 40 40 27 35 48 49 47 21 27 47 38  0  0  0  0 36 44 22 20  0  0  0  0  0  0 49 39 16 21 39 36 48 36 45 30 18  0  0  0  0  0  0 41 45 33 24 38  0  0  0  0  0  0 34 47 22 28  0  0  0  0  0 36 38 25 50 17 44  0  0  0  0 25 13 20 28 15  0  0  0  0  0 17 46 37 22 20 13 32 31 12 32  0  0  0  0 43 26 44 23 19 23  0  0  0  0  0 46 47 18 16 14 46 50 21 29 23
31 23 18 16 28 39 23 40 48 38  0  0  0  0  0  0 29 23 41 24 36 26 21 36 49 43  0  0  0  0  0  0  0 33 35 15 21 46 21 26 45 14 36 18  0  0  0  0 38 38 36 14  0  0  0  0  0  0 20 43 34 20 32 18 18 44 45 34 22  0  0  0  0  0  0 25 34 37 47 16  0  0  0  0  0  0 48 39 27 39  0  0  0  0  0 41 45 14 32 30 30  0  0  0  0 36 31 47 15 27  0  0  0  0  0 36 41 44 35 14 40 36 15 13 41  0  0  0  0 27 14 13 29 15 20  0  0  0  0  0 45 49 28 41 43 41 28 21 18 39
26 14 14 21 28 45 16 45 37 37  0  0  0  0  0  0 14 38 32 15 15 14 17 20 15 22  0  0  0  0  0  0  0 20 30 48 43 18 16 14 28 50 48 22  0  0  0  0 16 23 42 40  0  0  0  0  0  0 31 34 14 35 30 35 34 39 47 39 34  0  0  0  0  0  0 22 22 18 34 24  0  0  0  0  0  0 22 24 38 19  0  0  0  0  0 17 44 34 13 41 46  0  0  0  0 17 43 28 37 21  0  0  0  0  0 17 41 22 18 27 42 13 31 32 49  0  0  0  0 40 16 40 20 26 36  0  0  0  0  0 12 24 21 46 49 34 15 30 20 46
35 44 26 22 18 46 15 27 45 16  0  0  0  0  0  0 43 14 37 23 41 29 50 43 31 39  0  0  0  0  0  0  0 20 13 18 46 40 16 39 17 37 16 30  0  0  0  0 17 28 37 50  0  0  0  0  0  0 41 12 34 42 37 38 21 24 38 41 23  0  0  0  0  0  0 42 13 36 20 15  0  0  0  0  0  0 22 27 40 15  0  0  0  0  0 46 17 16 28 31 24  0  0  0  0 33 19 29 15 18  0  0  0  0  0 38 26 16 44 28 18 38 30 12 18  0  0  0  0 12 36 42 35 40 44  0  0  0  0  0 26 13 45 39 20 30 16 45 15 13
35 15 50 22 33 35 46 37 37 19  0  0  0  0  0  0 28 33 20 20 49 20 47 21 30 23  0  0  0  0  0  0  0 14 45 36 38 18 36 48 48 32 20 28  0  0  0  0 35 43 14 32  0  0  0  0  0  0 40 46 16 20 49 34 18 37 48 45 48  0  0  0  0  0  0 45 37 48 21 21  0  0  0  0  0  0 15 48 15 28  0  0  0  0  0 37 36 35 14 30 33  0  0  0  0 21 26 39 44 43  0  0  0  0  0 15 47 41 29 24 33 32 50 30 43  0  0  0  0 32 49 35 19 43 44  0  0  0  0  0 19 24 46 30 48 18 48 32 29 34
41 36 34 39 38 40 21 22 47 48  0  0  0  0  0  0 45 32 29 39 49 30 40 47 18 28  0  0  0  0  0  0  0 21 35 48 13 14 49 36 34 50 26 15  0  0  0  0 40 45 47 18  0  0  0  0  0  0 18 20 23 42 33 25 15 45 49 26 30  0  0  0  0  0  0 20 33 17 42 48  0  0  0  0  0  0 35 30 42 48  0  0  0  0  0 14 42 15 13 17 19  0  0  0  0 13 20 12 43 24  0  0  0  0  0 13 46 36 23 41 44 46 15 33 18  0  0  0  0 49 20 28 37 39 30  0  0  0  0  0 25 16 43 30 44 23 41 13 33 23
24 18 24 38 45 21 43 32 45 46  0  0  0  0  0  0 28 31 13 33 12 15 26 31 39 43  0  0  0  0  0  0  0 14 45 43 19 40 21 48 47 34 35 31  0  0  0  0 45 12 48 45  0  0  0  0  0  0 48 25 43 35 23 20 28 28 44 50 16  0  0  0  0  0  0 30 23 44 42 18  0  0  0  0  0  0 32 17 20 16  0  0  0  0  0 48 50 12 16 44 15  0  0  0  0 13 17 24 48 38  0  0  0  0  0 40 28 13 47 27 36 32 13 14 12  0  0  0  0 25 49 29 19 50 15  0  0  0  0  0 43 40 24 38 45 29 22 34 25 26
16 26 14 13 50 26 13 32 49 14  0  0  0  0  0  0 17 18 48 31 28 37 24 45 29 38  0  0  0  0  0  0  0 36 18 41 34 18 16 31 38 32 26 45  0  0  0  0 19 36 44 23  0  0  0  0  0  0 27 13 14 17 31 21 49 28 31 43 40  0  0  0  0  0  0 17 29 25 36 16  0  0  0  0  0  0 49 26 28 18  0  0  0  0  0 46 16 28 42 24 50  0  0  0  0 33 27 45 46 20  0  0  0  0  0 19 16 28 16 44 36 34 33 12 23  0  0  0  0 45 36 46 19 18 33  0  0  0  0  0 41 29 34 18 25 32 42 21 39 49
28 28 12 38 41 29 13 16 35 20  0  0  0  0  0  0 47 49 30 37 34 49 18 13 27 28  0  0  0  0  0  0  0 33 41 40 31 30 18 48 13 39 29 21  0  0  0  0 30 37 38 45  0  0  0  0  0  0 50 12 42 40 27 46 18 31 44 43 46  0  0  0  0  0  0 27 31 22 18 13  0  0  0  0  0  0 43 38 21 31  0  0  0  0  0 16 26 31 34 28 27  0  0  0  0 48 39 42 40 45  0  0  0  0  0 31 37 38 41 42 15 21 26 46 17  0  0  0  0 23 25 27 18 36 12  0  0  0  0  0 50 23 17 46 44 39 21 23 48 20
31 23 43 39 47 32 40 42 49 46  0  0  0  0  0  0 18 47 38 17 18 37 50 37 38 27  0  0  0  0  0  0  0 17 29 28 18 50 14 28 12 47 28 23  0  0  0  0 32 24 37 25  0  0  0  0  0  0 39 33 31 47 40 28 37 37 22 50 49  0  0  0  0  0  0 27 25 22 47 50  0  0  0  0  0  0 36 15 36 25  0  0  0  0  0 50 48 15 44 45 46  0  0  0  0 18 48 23 23 32  0  0  0  0  0 38 31 45 26 38 13 37 20 31 35  0  0  0  0 25 45 23 39 50 47  0  0  0  0  0 22 49 35 14 50 26 22 33 32 45
24 18 49 13 31 27 31 31 27 44  0  0  0  0  0  0 27 32 36 41 16 14 16 12 32 24  0  0  0  0  0  0  0 16 40 33 24 22 18 35 15 44 40 26  0  0  0  0 42 47 49 22  0  0  0  0  0  0 21 40 39 34 28 45 31 21 49 14 49  0  0  0  0  0  0 32 30 36 23 21  0  0  0  0  0  0 43 31 31 37  0  0  0  0  0 29 35 14 16 50 21  0  0  0  0 19 16 35 42 42  0  0  0  0  0 15 41 50 38 12 35 43 26 33 46  0  0  0  0 23 32 18 22 16 28  0  0  0  0  0 42 23 17 16 23 19 47 26 42 23
15 35 49 43 16 17 50 18 22 14  0  0  0  0  0  0 36 41 13 39 44 26 46 42 12 34  0  0  0  0  0  0  0 31 30 28 36 24 20 41 21 30 29 46  0  0  0  0 30 50 46 18  0  0  0  0  0  0 37 38 44 39 13 31 18 43 38 30 22  0  0  0  0  0  0 38 22 13 29 38  0  0  0  0  0  0 37 17 38 20  0  0  0  0  0 22 46 19 41 15 26  0  0  0  0 24 19 28 30 32  0  0  0  0  0 36 29 45 50 16 14 44 31 41 42  0  0  0  0 24 15 15 32 39 15  0  0  0  0  0 15 41 13 26 36 38 41 23 29 24
23 22 28 33 29 20 26 31 29 34  0  0  0  0  0  0 37 24 12 33 44 34 32 35 15 16  0  0  0  0  0  0  0 17 46 18 23 26 46 14 44 29 42 36  0  0  0  0 27 32 13 34  0  0  0  0  0  0 43 34 19 19 25 13 17 33 27 24 25  0  0  0  0  0  0 22 17 37 43 34  0  0  0  0  0  0 41 50 18 12  0  0  0  0  0 24 39 36 16 41 41  0  0  0  0 37 19 38 37 24  0  0  0  0  0 23 30 19 17 49 15 28 46 13 12  0  0  0  0 15 39 28 34 18 39  0  0  0  0  0 27 33 39 48 47 31 43 35 26 32
16 34 27 31 13 41 29 45 43 13  0  0  0  0  0  0 27 13 31 13 12 12 19 19 30 25  0  0  0  0  0  0  0 33 32 16 20 35 50 29 42 12 44 38  0  0  0  0 19 46 46 46  0  0  0  0  0  0 32 39 27 28 46 39 19 39 49 27 13  0  0  0  0  0  0 12 32 25 45 21  0  0  0  0  0  0 17 31 43 40  0  0  0  0  0 20 47 41 21 33 47  0  0  0  0 14 20 47 23 26  0  0  0  0  0 47 36 43 26 49 22 39 18 49 12  0  0  0  0 22 42 45 16 13 21  0  0  0  0  0 27 17 44 35 49 47 27 23 26 15
36 41 48 23 34 21 26 16 48 29  0  0  0  0  0  0 41 17 38 47 22 15 43 20 39 26  0  0  0  0  0  0  0 50 35 12 20 17 21 49 25 22 41 20  0  0  0  0 30 18 41 46  0  0  0  0  0  0 31 19 48 20 14 34 13 24 12 21 16  0  0  0  0  0  0 33 31 50 29 29  0  0  0  0  0  0 35 21 33 26  0  0  0  0  0 18 18 45 23 23 32  0  0  0  0 25 12 15 14 15  0  0  0  0  0 19 50 41 47 26 31 16 40 43 47  0  0  0  0 49 18 36 46 18 43  0  0  0  0  0 15 23 50 24 23 39 21 13 18 15
15 44 33 32 40 31 32 40 22 13  0  0  0  0  0  0 12 19 12 29 36 23 26 41 31 19  0  0  0  0  0  0  0 46 20 12 37 47 50 38 46 33 37 13  0  0  0  0 30 48 41 35  0  0  0  0  0  0 30 22 42 32 16 30 12 35 24 19 49  0  0  0  0  0  0 15 36 49 34 18  0  0  0  0  0  0 20 41 48 46  0  0  0  0  0 12 12 14 35 43 40  0  0  0  0 40 20 13 32 27  0  0  0  0  0 18 18 34 15 24 22 20 39 12 41  0  0  0  0 49 24 25 25 50 12  0  0  0  0  0 24 48 40 48 42 16 39 44 46 41
29 30 38 36 19 24 14 19 47 47  0  0  0  0  0  0 14 36 40 42 17 18 44 37 23 27  0  0  0  0  0  0  0 38 48 33 35 40 29 31 21 25 39 38  0  0  0  0 40 30 20 21  0  0  0  0  0  0 13 12 24 13 36 19 34 16 16 23 19  0  0  0  0  0  0 42 14 24 21 21  0  0  0  0  0  0 28 32 26 26  0  0  0  0  0 29 14 43 29 37 30  0  0  0  0 50 38 20 31 26  0  0  0  0  0 23 35 42 38 18 44 37 43 22 19  0  0  0  0 20 47 27 37 25 36  0  0  0  0  0 38 40 12 28 41 30 37 18 33 42
17 16 48 41 36 32 35 22 47 34  0  0  0  0  0  0 32 48 49 26 25 24 40 44 32 33  0  0  0  0  0  0  0 41 21 24 50 20 41 38 34 30 48 30  0  0  0  0 20 22 12 20  0  0  0  0  0  0 30 41 42 42 42 29 45 31 39 46 41  0  0  0  0  0  0 40 40 40 36 28  0  0  0  0  0  0 30 32 29 34  0  0  0  0  0 12 50 50 30 46 20  0  0  0  0 35 19 17 15 37  0  0  0  0  0 12 21 41 16 43 34 39 25 19 29  0  0  0  0 17 36 26 47 20 29  0  0  0  0  0 19 26 32 18 14 28 39 27 18 21
13 14 43 19 42 24 43 47 48 39  0  0  0  0  0  0 41 20 14 24 42 44 13 43 14 28  0  0  0  0  0  0  0 46 50 35 34 23 19 23 31 33 41 48  0  0  0  0 26 43 20 45  0  0  0  0  0  0 14 49 44 37 38 21 36 20 18 36 33  0  0  0  0  0  0 15 43 23 18 26  0  0  0  0  0  0 12 12 45 41  0  0  0  0  0 21 38 16 28 27 37  0  0  0  0 37 14 16 24 29  0  0  0  0  0 12 35 25 36 14 12 39 41 31 46  0  0  0  0 37 23 15 24 28 44  0  0  0  0  0 24 14 17 13 38 32 28 43 23 16
13 28 30 24 34 19 21 20 18 15  0  0  0  0  0  0 26 12 32 34 49 34 20 41 44 15  0  0  0  0  0  0  0 31 24 25 29 48 18 44 46 18 13 37  0  0  0  0 45 17 48 35  0  0  0  0  0  0 14 16 47 45 20 36 50 48 49 43 24  0  0  0  0  0  0 39 33 26 46 48  0  0  0  0  0  0 49 39 21 45  0  0  0  0  0 45 31 43 38 44 36  0  0  0  0 45 19 19 31 48  0  0  0  0  0 19 27 31 36 25 27 50 12 45 24  0  0  0  0 22 36 46 31 50 46  0  0  0  0  0 50 19 30 33 38 19 22 35 22 35
15 44 28 27 32 25 21 20 48 21  0  0  0  0  0  0 30 38 25 14 12 21 39 48 15 24  0  0  0  0  0  0  0 37 23 34 49 35 45 46 20 18 36 40  0  0  0  0 50 41 39 36  0  0  0  0  0  0 47 12 35 38 35 30 24 24 27 20 27  0  0  0  0  0  0 44 38 45 35 23  0  0  0  0  0  0 42 39 49 21  0  0  0  0  0 17 43 38 50 34 34  0  0  0  0 19 12 45 42 34  0  0  0  0  0 30 15 28 16 27 28 34 20 45 13  0  0  0  0 38 16 45 18 34 48  0  0  0  0  0 16 32 21 31 22 50 18 25 23 25
30 21 24 26 25 24 23 16 22 40  0  0  0  0  0  0 31 35 20 30 50 14 25 12 26 44  0  0  0  0  0  0  0 22 35 22 42 17 47 37 42 44 13 14  0  0  0  0 39 12 18 17  0  0  0  0  0  0 39 27 37 40 43 48 50 39 30 39 33  0  0  0  0  0  0 14 17 12 30 45  0  0  0  0  0  0 28 13 40 32  0  0  0  0  0 34 30 50 47 26 28  0  0  0  0 25 48 17 34 45  0  0  0  0  0 28 20 29 23 48 50 24 20 32 16  0  0  0  0 29 19 29 40 35 49  0  0  0  0  0 20 37 31 30 49 49 30 44 49 39
32 33 38 42 38 29 49 26 39 43  0  0  0  0  0  0 24 49 26 47 23 39 21 14 24 16  0  0  0  0  0  0  0 40 41 20 48 24 16 50 38 50 45 12  0  0  0  0 23 37 29 38  0  0  0  0  0  0 37 13 12 16 32 14 29 25 49 25 40  0  0  0  0  0  0 45 24 20 21 34  0  0  0  0  0  0 15 39 37 45  0  0  0  0  0 15 44 31 29 36 50  0  0  0  0 31 18 38 40 46  0  0  0  0  0 30 21 20 26 26 26 49 50 17 46  0  0  0  0 39 45 41 23 37 34  0  0  0  0  0 38 27 14 19 35 15 16 40 44 18
32 50 41 35 27 46 37 27 12 50  0  0  0  0  0  0 12 34 41 23 22 33 13 36 17 27  0  0  0  0  0  0  0 44 20 36 43 39 22 39 23 14 35 13  0  0  0  0 23 24 15 44  0  0  0  0  0  0 41 26 25 26 15 44 30 17 25 13 14  0  0  0  0  0  0 43 19 19 37 24  0  0  0  0  0  0 20 46 17 33  0  0  0  0  0 25 29 18 17 14 44  0  0  0  0 39 48 12 18 24  0  0  0  0  0 12 26 32 30 18 49 44 26 49 26  0  0  0  0 46 13 21 18 47 28  0  0  0  0  0 24 47 12 14 21 41 50 24 30 32
29 19 21 25 13 31 40 45 30 26  0  0  0  0  0  0 48 12 29 29 30 19 16 47 13 44  0  0  0  0  0  0  0 22 38 32 47 14 47 16 18 22 45 38  0  0  0  0 47 45 26 31  0  0  0  0  0  0 29 45 50 44 46 29 43 22 41 27 43  0  0  0  0  0  0 31 46 36 37 41  0  0  0  0  0  0 44 19 19 38  0  0  0  0  0 49 22 28 17 22 33  0  0  0  0 47 23 47 41 22  0  0  0  0  0 41 45 41 41 22 17 17 38 32 38  0  0  0  0 31 15 33 23 26 28  0  0  0  0  0 30 36 25 40 29 28 32 49 38 35
40 37 16 42 43 38 18 30 31 13  0  0  0  0  0  0 14 48 23 46 12 33 36 23 30 18  0  0  0  0  0  0  0 21 24 14 48 25 33 47 32 41 30 12  0  0  0  0 32 50 29 22  0  0  0  0  0  0 37 29 36 16 12 21 31 50 29 36 36  0  0  0  0  0  0 20 12 28 46 48  0  0  0  0  0  0 37 15 19 43  0  0  0  0  0 33 23 45 33 18 33  0  0  0  0 43 44 12 39 14  0  0  0  0  0 35 27 41 47 37 31 40 46 15 14  0  0  0  0 32 48 23 48 48 15  0  0  0  0  0 47 46 42 44 41 28 47 22 13 12
35 27 43 34 14 33 29 48 16 22  0  0  0  0  0  0 14 23 48 24 30 43 48 14 14 40  0  0  0  0  0  0  0 37 21 16 22 40 47 45 19 17 45 29  0  0  0  0 34 17 41 18  0  0  0  0  0  0 45 12 12 17 44 12 23 26 29 39 33  0  0  0  0  0  0 45 43 18 34 35  0  0  0  0  0  0 36 32 38 30  0  0  0  0  0 48 37 33 32 46 22  0  0  0  0 28 21 25 13 43  0  0  0  0  0 13 43 29 13 39 37 49 50 37 12  0  0  0  0 50 38 46 17 19 25  0  0  0  0  0 26 42 36 39 27 37 26 47 24 40
14 42 38 33 40 47 21 23 12 32  0  0  0  0  0  0 41 20 21 19 27 43 49 41 36 39  0  0  0  0  0  0  0 32 32 14 47 39 35 30 14 27 21 42  0  0  0  0 28 19 12 35  0  0  0  0  0  0 32 13 20 17 20 43 31 16 50 29 26  0  0  0  0  0  0 28 18 18 28 34  0  0  0  0  0  0 46 17 22 29  0  0  0  0  0 26 42 20 48 30 38  0  0  0  0 23 39 21 32 15  0  0  0  0  0 46 13 32 13 33 45 31 49 29 30  0  0  0  0 36 49 39 31 20 16  0  0  0  0  0 32 17 16 35 46 12 32 34 47 23
30 32 18 48 44 42 24 18 13 35  0  0  0  0  0  0 13 18 33 31 35 15 40 19 24 18  0  0  0  0  0  0  0 20 39 26 19 44 31 32 29 30 30 30  0  0  0  0 40 49 13 23  0  0  0  0  0  0 27 39 33 39 23 47 25 23 30 28 24  0  0  0  0  0  0 20 28 25 29 45  0  0  0  0  0  0 15 50 34 26  0  0  0  0  0 47 43 23 40 20 50  0  0  0  0 42 15 39 12 47  0  0  0  0  0 36 48 48 20 44 34 26 44 29 31  0  0  0  0 45 14 44 29 35 25  0  0  0  0  0 14 12 34 18 24 25 28 46 18 18
37 30 22 12 19 49 27 39 35 17  0  0  0  0  0  0 18 48 12 38 44 34 19 43 17 37  0  0  0  0  0  0  0 28 47 21 49 24 13 39 49 39 16 24  0  0  0  0 33 31 40 35  0  0  0  0  0  0 15 41 44 25 41 44 37 40 38 20 49  0  0  0  0  0  0 50 35 28 41 29  0  0  0  0  0  0 13 29 32 45  0  0  0  0  0 31 16 17 46 21 27  0  0  0  0 16 50 42 49 39  0  0  0  0  0 14 26 12 29 14 12 29 26 12 26  0  0  0  0 32 26 41 33 49 27  0  0  0  0  0 17 28 28 25 36 47 21 20 37 37
42 41 44 32 14 25 49 19 30 27  0  0  0  0  0  0 23 28 39 48 31 49 41 42 24 14  0  0  0  0  0  0  0 38 15 43 47 40 38 33 30 17 14 36  0  0  0  0 37 45 17 23  0  0  0  0  0  0 25 49 43 50 20 41 50 27 41 15 22  0  0  0  0  0  0 33 50 30 50 20  0  0  0  0  0  0 32 24 42 22  0  0  0  0  0 48 46 18 40 38 39  0  0  0  0 41 15 17 32 25  0  0  0  0  0 38 28 21 38 37 12 30 36 28 31  0  0  0  0 26 38 39 14 28 42  0  0  0  0  0 27 47 19 15 47 35 40 32 33 32
26 17 16 44 36 18 24 43 30 12  0  0  0  0  0  0 41 17 19 27 21 34 23 47 44 25  0  0  0  0  0  0  0 33 43 46 36 44 14 47 46 14 22 31  0  0  0  0 21 22 23 24  0  0  0  0  0  0 39 27 34 50 29 18 26 21 48 41 29  0  0  0  0  0  0 13 46 31 36 13  0  0  0  0  0  0 32 27 19 16  0  0  0  0  0 24 37 41 41 17 12  0  0  0  0 49 40 44 42 17  0  0  0  0  0 30 29 23 50 50 36 23 35 45 28  0  0  0  0 40 26 17 19 46 29  0  0  0  0  0 28 12 46 20 50 29 27 49 27 48
28 37 43 20 43 27 23 49 31 50  0  0  0  0  0  0 26 12 47 33 27 15 14 19 33 29  0  0  0  0  0  0  0 18 50 30 23 40 41 17 22 39 12 24  0  0  0  0 26 32 26 45  0  0  0  0  0  0 49 46 35 48 27 24 47 33 40 26 31  0  0  0  0  0  0 23 22 33 42 19  0  0  0  0  0  0 50 36 39 46  0  0  0  0  0 30 50 21 32 17 47  0  0  0  0 32 50 14 39 35  0  0  0  0  0 33 50 28 27 44 19 19 23 23 31  0  0  0  0 24 26 35 21 33 42  0  0  0  0  0 39 12 26 17 27 21 19 38 45 17
23 18 21 43 22 40 29 20 12 26  0  0  0  0  0  0 32 22 26 18 26 12 45 25 50 13  0  0  0  0  0  0  0 44 24 30 30 39 13 43 25 31 49 48  0  0  0  0 31 44 25 24  0  0  0  0  0  0 39 47 35 30 24 46 22 36 22 35 18  0  0  0  0  0  0 47 14 21 20 12  0  0  0  0  0  0 34 41 39 44  0  0  0  0  0 34 22 18 45 35 48  0  0  0  0 48 15 22 38 33  0  0  0  0  0 22 25 18 50 27 31 16 29 46 16  0  0  0  0 43 49 43 24 32 49  0  0  0  0  0 17 15 48 12 18 43 16 49 19 21
42 34 17 26 32 19 50 16 32 40  0  0  0  0  0  0 18 38 38 36 28 12 32 45 25 22  0  0  0  0  0  0  0 30 35 12 25 24 31 42 38 15 27 36  0  0  0  0 35 46 20 34  0  0  0  0  0  0 36 33 18 26 17 34 41 28 30 16 40  0  0  0  0  0  0 41 42 28 17 26  0  0  0  0  0  0 43 18 25 41  0  0  0  0  0 30 36 35 31 25 31  0  0  0  0 15 25 24 37 37  0  0  0  0  0 36 25 43 13 25 31 17 40 36 37  0  0  0  0 25 35 16 34 49 20  0  0  0  0  0 36 29 13 19 39 12 34 43 27 44
39 23 39 23 20 14 39 18 36 41  0  0  0  0  0  0 47 39 20 34 44 37 21 30 16 12  0  0  0  0  0  0  0 32 40 17 18 35 29 32 26 20 23 18  0  0  0  0 45 15 47 40  0  0  0  0  0  0 50 17 44 45 26 33 39 42 22 35 14  0  0  0  0  0  0 30 19 36 34 30  0  0  0  0  0  0 38 20 15 49  0  0  0  0  0 20 36 16 24 14 36  0  0  0  0 15 44 34 48 15  0  0  0  0  0 30 47 23 34 26 49 49 23 19 36  0  0  0  0 40 20 25 24 28 19  0  0  0  0  0 17 22 50 21 38 26 44 31 33 34
32 44 42 22 36 43 24 20 29 16  0  0  0  0  0  0 17 29 40 23 12 33 33 42 17 41  0  0  0  0  0  0  0 14 20 15 31 16 22 49 40 33 12 39  0  0  0  0 23 38 32 42  0  0  0  0  0  0 14 44 36 46 45 35 39 34 17 12 35  0  0  0  0  0  0 22 48 14 22 48  0  0  0  0  0  0 41 40 34 13  0  0  0  0  0 14 44 49 39 40 29  0  0  0  0 43 25 23 26 32  0  0  0  0  0 22 42 41 16 17 40 39 44 16 25  0  0  0  0 27 41 21 47 45 13  0  0  0  0  0 30 22 44 50 39 24 48 46 36 29
31 12 17 48 36 46 43 28 28 50  0  0  0  0  0  0 43 41 35 47 46 44 37 42 39 33  0  0  0  0  0  0  0 39 19 18 34 24 50 14 35 12 26 38  0  0  0  0 23 49 47 25  0  0  0  0  0  0 27 44 36 18 35 39 40 17 23 38 42  0  0  0  0  0  0 14 42 27 16 22  0  0  0  0  0  0 29 20 24 40  0  0  0  0  0 45 15 37 40 28 34  0  0  0  0 40 39 45 23 39  0  0  0  0  0 46 34 41 46 49 44 20 30 27 42  0  0  0  0 14 12 37 33 25 35  0  0  0  0  0 41 15 39 34 28 34 19 29 43 48
32 34 46 27 46 39 47 35 41 25  0  0  0  0  0  0 40 20 24 41 12 22 49 47 13 46  0  0  0  0  0  0  0 35 35 40 27 26 47 36 18 17 31 46  0  0  0  0 28 43 16 14  0  0  0  0  0  0 26 49 49 16 25 34 22 46 48 30 44  0  0  0  0  0  0 16 25 16 29 37  0  0  0  0  0  0 35 46 21 42  0  0  0  0  0 37 49 29 12 29 34  0  0  0  0 39 15 20 43 48  0  0  0  0  0 22 43 12 43 38 20 21 13 13 33  0  0  0  0 29 19 18 28 34 22  0  0  0  0  0 32 41 26 16 13 50 25 22 13 17
36 23 47 15 18 12 43 26 14 16  0  0  0  0  0  0 32 22 41 28 49 42 18 18 21 42  0  0  0  0  0  0  0 12 39 23 36 17 43 23 39 37 28 20  0  0  0  0 39 23 47 26  0  0  0  0  0  0 39 14 12 19 46 32 35 28 39 20 24  0  0  0  0  0  0 19 12 30 19 18  0  0  0  0  0  0 42 20 21 45  0  0  0  0  0 40 42 38 37 42 20  0  0  0  0 34 30 36 48 27  0  0  0  0  0 24 45 27 48 43 43 23 20 21 31  0  0  0  0 29 32 26 45 17 49  0  0  0  0  0 20 17 22 45 27 12 49 27 19 29
16 16 48 28 17 24 47 16 19 20  0  0  0  0  0  0 46 14 40 19 24 25 16 27 28 25  0  0  0  0  0  0  0 36 29 46 39 44 38 14 17 20 48 21  0  0  0  0 26 33 41 35  0  0  0  0  0  0 27 16 45 35 37 37 23 36 24 22 16  0  0  0  0  0  0 35 16 31 46 23  0  0  0  0  0  0 43 41 44 19  0  0  0  0  0 30 27 27 32 30 31  0  0  0  0 50 20 30 20 20  0  0  0  0  0 26 25 36 27 47 29 50 19 45 19  0  0  0  0 38 24 23 48 27 35  0  0  0  0  0 14 19 33 14 30 15 21 28 28 35
41 48 38 37 34 48 15 21 50 17  0  0  0  0  0  0 20 15 39 48 36 47 12 18 21 15  0  0  0  0  0  0  0 14 39 42 15 22 20 31 25 14 38 19  0  0  0  0 50 38 42 38  0  0  0  0  0  0 35 17 38 13 14 49 26 35 12 31 21  0  0  0  0  0  0 41 33 21 24 19  0  0  0  0  0  0 45 33 26 46  0  0  0  0  0 49 26 18 13 36 25  0  0  0  0 39 45 36 13 48  0  0  0  0  0 33 15 29 23 42 31 50 12 25 49  0  0  0  0 34 39 23 47 13 30  0  0  0  0  0 30 26 15 33 23 16 48 35 21 15
45 14 37 23 13 29 23 14 20 16  0  0  0  0  0  0 32 23 36 32 25 27 25 46 23 25  0  0  0  0  0  0  0 45 12 33 23 16 19 40 40 30 26 49  0  0  0  0 49 48 32 48  0  0  0  0  0  0 48 27 12 14 37 49 34 38 31 15 19  0  0  0  0  0  0 17 34 25 24 14  0  0  0  0  0  0 35 48 20 48  0  0  0  0  0 26 21 15 35 24 30  0  0  0  0 47 37 15 50 30  0  0  0  0  0 34 50 22 21 43 15 44 41 17 50  0  0  0  0 14 50 16 30 42 41  0  0  0  0  0 14 33 25 46 42 30 17 21 20 27
35 12 46 50 46 18 31 40 22 49  0  0  0  0  0  0 15 31 45 30 38 48 48 19 22 41  0  0  0  0  0  0  0 42 18 47 45 13 39 26 41 12 16 47  0  0  0  0 44 44 41 47  0  0  0  0  0  0 49 17 38 34 21 50 25 47 28 50 34  0  0  0  0  0  0 44 42 21 29 42  0  0  0  0  0  0 28 20 20 25  0  0  0  0  0 32 37 25 48 31 49  0  0  0  0 37 27 29 15 37  0  0  0  0  0 28 12 29 25 12 23 45 41 37 14  0  0  0  0 45 28 18 25 25 47  0  0  0  0  0 46 20 41 25 23 40 13 46 39 21
40 19 22 38 28 21 40 42 19 15  0  0  0  0  0  0 31 39 21 16 22 41 19 32 16 40  0  0  0  0  0  0  0 39 45 27 47 28 48 49 39 49 18 26  0  0  0  0 26 38 12 19  0  0  0  0  0  0 37 48 14 46 29 32 18 17 42 13 38  0  0  0  0  0  0 19 21 43 46 49  0  0  0  0  0  0 25 28 21 50  0  0  0  0  0 41 39 34 22 23 19  0  0  0  0 30 13 46 37 42  0  0  0  0  0 15 41 22 35 12 35 14 35 17 38  0  0  0  0 45 37 20 50 46 29  0  0  0  0  0 28 31 35 50 32 25 32 21 15 15
41 14 17 39 24 50 41 22 34 43  0  0  0  0  0  0 19 27 15 29 41 40 49 33 33 15  0  0  0  0  0  0  0 22 17 48 17 50 30 39 30 43 31 22  0  0  0  0 25 21 28 42  0  0  0  0  0  0 17 39 16 13 14 32 21 36 30 23 45  0  0  0  0  0  0 25 21 46 42 29  0  0  0  0  0  0 40 34 45 39  0  0  0  0  0 24 16 19 36 49 30  0  0  0  0 23 44 35 30 36  0  0  0  0  0 34 31 38 48 38 20 36 22 31 50  0  0  0  0 48 49 27 37 48 25  0  0  0  0  0 23 16 39 38 30 16 20 25 14 42
29 28 40 41 22 37 38 18 33 37  0  0  0  0  0  0 21 33 41 12 39 34 12 13 21 42  0  0  0  0  0  0  0 39 35 33 32 16 31 20 43 42 41 20  0  0  0  0 45 47 14 38  0  0  0  0  0  0 23 42 16 14 49 30 36 16 41 36 22  0  0  0  0  0  0 31 18 12 29 15  0  0  0  0  0  0 45 32 28 16  0  0  0  0  0 30 16 28 20 39 35  0  0  0  0 26 27 16 45 29  0  0  0  0  0 30 43 24 29 40 20 29 13 13 41  0  0  0  0 18 46 18 45 18 28  0  0  0  0  0 42 25 28 39 49 22 13 44 21 37
26 22 38 35 29 44 30 41 19 38  0  0  0  0  0  0 33 32 28 22 24 33 33 49 37 26  0  0  0  0  0  0  0 44 50 36 30 41 13 12 23 45 30 37  0  0  0  0 37 39 29 13  0  0  0  0  0  0 38 39 37 25 34 30 48 18 19 40 50  0  0  0  0  0  0 41 27 48 13 48  0  0  0  0  0  0 37 34 27 42  0  0  0  0  0 20 36 14 41 14 46  0  0  0  0 21 39 14 45 29  0  0  0  0  0 29 16 47 17 16 43 25 49 34 34  0  0  0  0 21 33 31 28 43 27  0  0  0  0  0 18 17 13 45 27 14 37 35 36 46
21 27 21 38 41 30 27 36 15 33  0  0  0  0  0  0 35 38 40 12 33 19 42 49 30 24  0  0  0  0  0  0  0 35 20 14 46 25 20 26 25 18 13 48  0  0  0  0 43 46 44 47  0  0  0  0  0  0 20 22 20 35 45 14 47 33 38 38 18  0  0  0  0  0  0 13 21 45 16 38  0  0  0  0  0  0 34 34 22 41  0  0  0  0  0 21 21 43 20 38 19  0  0  0  0 21 45 46 37 12  0  0  0  0  0 39 44 42 25 44 36 49 30 50 21  0  0  0  0 43 44 13 37 19 23  0  0  0  0  0 32 26 28 48 43 43 42 18 31 47
20 49 24 14 44 22 21 18 47 32  0  0  0  0  0  0 50 29 27 12 50 42 34 16 13 29  0  0  0  0  0  0  0 25 12 22 36 33 46 49 30 18 18 39  0  0  0  0 24 37 35 30  0  0  0  0  0  0 49 18 37 37 24 49 12 17 25 14 17  0  0  0  0  0  0 47 47 50 30 19  0  0  0  0  0  0 50 20 38 29  0  0  0  0  0 16 23 21 31 20 25  0  0  0  0 47 27 34 35 30  0  0  0  0  0 30 15 44 50 38 45 41 50 35 18  0  0  0  0 14 26 50 48 41 24  0  0  0  0  0 29 25 18 29 35 24 23 38 43 29
42 26 23 22 21 20 19 18 17 16 15 14  0  0  0  0 38 38 44 47 49 19 33 37 18 27  0  0  0  0  0  0  0 21 42 29 28 33 48 30 30 32 37 14  0  0  0  0 20 49 15 12  0  0  0  0  0  0 46 30 32 30 15 36 17 15 18 16 37  0  0  0  0  0  0 44 16 13 18 19  0  0  0  0  0  0 22 35 37 38  0  0  0  0  0 16 42 13 40 32 30  0  0  0  0 36 24 27 50 12  0  0  0  0  0 31 33 13 20 38 22 39 22 18 40  0  0  0  0 25 20 23 32 21 41  0  0  0  0  0 29 50 24 15 32 41 30 43 20 25
23 38 41 31 24 47 16 15 46 48  0 13  0  0  0  0 43 37 26 42 30 49 17 34 33 24  0  0  0  0  0  0  0 32 26 44 37 47 25 39 18 19 19 35  0  0  0  0 36 16 23 44  0  0  0  0  0  0 32 45 21 38 14 35 30 20 48 47 44  0  0  0  0  0  0 20 47 14 30 30  0  0  0 25 24 23 32 49 19 48  0  0  0  0  0 44 30 44 28 14 34  0  0  0  0 49 18 30 12 31  0  0  0  0  0 32 22 43 41 40 38 15 27 35 38  0  0  0  0 44 31 26 25 33 38  0  0  0  0  0 22 48 24 30 15 27 16 29 37 17
31 38 42 43 44 45 46 47 48 49 50 12  0  0  0  0 29 19 14 31 49 12 42 36 37 43  0  0  0  0  0  0  0 25 36 43 40 45 28 27 25 47 46 28  0  0  0  0 19 14 22 44  0  0  0  0  0  0 29 20 30 30 32 24 44 40 16 44 14  0  0  0  0  0  0 40 39 17 25 13  0  0  0 18  0 22 50 15 24 14  0  0  0  0  0 30 32 34 38 30 36  0  0  0  0 42 43 13 34 29  0  0  0  0  0 44 48 31 47 42 40 19 35 44 12  0  0  0  0 17 13 41 36 45 29  0  0  0  0  0 34 48 36 12 24 43 49 45 20 15
23 36 35 32 39 12 15 26 42 23  0  0  0  0  0  0 24 21 37 31 17 39 20 47 18 42  0  0  0  0  0  0  0 47 25 25 42 35 25 21 36 42 28 45  0  0  0  0 29 35 26 42  0  0  0  0  0  0 22 14 17 31 23 19 42 32 17 16 26  0  0  0  0  0  0 46 49 37 46 27  0  0  0 19 20 21 18 35 44 36  0  0  0  0  0 48 38 39 46 35 23  0  0  0  0 26 12 28 14 43  0  0  0  0  0 35 34 21 30 18 24 49 13 27 25  0  0  0  0 21 42 17 41 13 34  0  0  0  0  0 17 35 15 45 49 18 36 26 14 13
18 24 22 23 50 26 36 23 40 35  0  0  0  0  0  0 33 40 45 21 15 39 43 22 43 50  0  0  0  0  0  0  0 17 45 44 50 40 41 49 32 49 32 15  0  0  0  0 38 39 39 34  0  0  0  0  0  0 30 13 12 35 42 25 21 29 12 25 26  0  0  0  0  0  0 50 13 13 26 33  0  0  0  0  0  0 29 31 46 41  0  0  0  0  0 12 14 45 17 33 43  0  0  0  0 37 35 33 31 45  0  0  0  0  0 26 49 30 39 18 34 17 12 33 25  0  0  0  0 22 50 18 29 19 22 23 24 25  0  0 35 32 45 18 34 15 49 35 14 23
47 12 35 24 22 20 22 19 37 27  0  0  0  0  0  0 42 36 31 16 23 19 18 32 38 17  0  0  0  0  0  0  0 44 48 29 49 23 35 27 21 13 48 31  0  0  0  0 43 22 22 49  0  0  0  0  0  0 37 32 40 36 37 41 47 47 31 23 36  0  0  0  0  0  0 41 43 21 13 50  0  0  0  0  0  0 48 39 15 25  0  0  0  0  0 49 13 12 37 49 43  0  0  0  0 49 20 13 42 34  0  0  0  0  0 35 36 36 39 22 46 13 22 45 15  0  0  0  0 38 47 47 47 28 29 28 27 26  0  0 43 34 45 39 34 43 27 46 15 42
50 26 22 18 37 33 43 47 34 33  0  0  0  0  0  0 19 24 32 47 13 32 38 31 24 32  0  0  0  0  0  0  0 46 35 21 39 45 30 45 43 42 20 47  0  0  0  0 19 12 20 26  0  0  0  0  0  0 22 43 14 18 44 18 45 19 24 12 39  0  0  0  0  0  0 48 27 36 29 36  0  0  0  0  0  0 49 50 35 24  0  0  0  0  0 12 41 31 47 32 39  0  0  0  0 12 20 47 50 35  0  0  0  0  0 36 35 17 29 16 23 13 35 29 40  0  0  0  0 26 36 50 16 28 23  0  0  0  0  0 17 17 42 45 30 40 39 15 46 26
50 21 31 15 33 34 24 34 50 40  0  0  0  0  0  0 43 22 14 16 25 48 16 45 46 18  0  0  0  0  0  0  0 15 20 20 41 36 48 33 46 30 49 21  0  0  0  0 34 45 17 15  0  0  0  0  0  0 37 21 19 17 35 43 43 22 36 47 44  0  0  0  0  0  0 47 22 37 32 23  0  0  0  0  0  0 12 29 20 31  0  0  0  0  0 41 45 32 26 23 27  0  0  0  0 48 29 15 50 49  0  0  0  0  0 20 23 17 28 18 33 25 45 20 28  0  0  0  0 47 17 40 25 18 36  0  0  0  0  0 29 44 26 38 48 45 36 40 36 44
34 45 42 33 39 39 30 42 24 14  0  0  0  0  0  0 39 22 29 28 23 18 15 48 41 13  0  0  0  0  0  0  0 22 15 31 40 39 21 13 18 17 48 43  0  0  0  0 29 18 15 14  0  0  0  0  0  0 18 28 25 42 38 27 49 24 39 32 40  0  0  0  0  0  0 17 46 19 12 29  0  0  0  0  0  0 14 33 17 31  0  0  0  0  0 23 26 14 39 47 26  0  0  0  0 34 42 50 37 30  0  0  0  0  0 19 50 43 18 29 33 46 19 49 32  0  0  0  0 26 27 21 46 27 35  0  0  0  0  0 45 23 36 42 20 17 35 37 12 50
29 21 22 14 41 13 36 34 26 19  0  0  0  0  0  0 20 46 48 44 45 47 50 19 45 30  0  0  0  0  0  0  0 41 18 48 48 30 46 19 20 35 42 42  0  0  0  0 21 50 38 13  0  0  0  0  0  0 40 18 50 41 25 24 31 49 36 22 32  0  0  0  0  0  0 32 27 28 18 31  0  0  0  0  0  0 33 32 39 13  0  0  0  0  0 50 25 24 28 17 28  0  0  0  0 22 44 48 15 37  0  0  0  0  0 41 19 23 43 50 48 29 32 38 28  0  0  0  0 41 18 49 30 47 39  0  0  0  0  0 36 38 38 39 21 45 23 35 47 14
15 22 24 37 37 15 32 35 44 30  0  0  0  0  0  0 31 39 44 32 45 17 25 49 44 47  0  0  0  0  0  0  0 39 32 26 12 32 19 49 24 20 21 24  0  0  0  0 50 16 46 36  0  0  0  0  0  0 33 24 29 17 37 26 15 18 15 17 44  0  0  0  0  0  0 25 44 42 22 22  0  0  0  0  0  0 25 18 31 47  0  0  0  0  0 50 37 22 24 21 29  0  0  0  0 21 42 38 38 36  0  0  0  0  0 31 47 17 45 48 42 27 47 26 19  0  0  0  0 40 28 31 24 36 29  0  0  0  0  0 25 35 46 15 26 43 12 46 38 45
22 34 23 38 43 35 19 31 45 14  0  0  0  0  0  0 29 49 32 45 27 27 12 36 28 34  0  0  0  0  0  0  0 32 29 28 20 12 38 29 43 16 30 40  0  0  0  0 47 24 36 25  0  0  0  0  0  0 39 19 20 47 34 18 22 25 30 14 48  0  0  0  0  0  0 29 37 42 23 50  0  0  0  0  0  0 13 23 33 12  0  0  0  0  0 41 34 31 27 40 27  0  0  0  0 18 23 21 27 35  0  0  0  0  0 32 23 43 28 37 45 31 19 38 12  0  0  0  0 50 37 40 41 23 15  0  0  0  0  0 35 31 16 38 34 31 32 32 17 18
48 12 35 26 35 46 15 49 30 48  0  0  0  0  0  0 26 43 35 27 25 24 38 33 37 15  0  0  0  0  0  0  0 33 28 43 19 47 20 24 33 31 45 16  0  0  0  0 36 23 44 31  0  0  0  0  0  0 17 32 18 21 27 35 39 26 46 24 43  0  0  0  0  0  0 22 24 46 36 36  0  0  0  0  0  0 43 48 21 41  0  0  0  0  0 28 43 22 43 36 15  0  0  0  0 38 42 36 34 50  0  0  0  0  0 37 28 46 35 19 47 17 44 39 44  0  0  0  0 43 30 46 34 46 30  0  0  0  0  0 38 18 30 12 33 22 37 22 12 38
22 30 43 48 23 13 39 34 48 28  0  0  0  0  0  0 25 39 40 36 26 17 36 46 41 30  0  0  0  0  0  0  0 24 19 32 49 41 49 21 24 41 23 44  0  0  0  0 17 36 34 47  0  0  0  0  0  0 37 28 40 41 40 15 50 18 47 16 25  0  0  0  0  0  0 44 49 15 48 39  0  0  0  0  0  0 39 50 23 37  0  0  0  0  0 50 28 48 14 17 20  0  0  0  0 26 20 12 45 40  0  0  0  0  0 42 45 22 14 49 14 21 12 48 39  0  0  0  0 25 18 29 13 27 36  0  0  0  0  0 34 30 43 21 47 28 47 27 23 34
46 23 16 49 20 40 43 38 29 30  0  0  0  0  0  0 28 39 48 22 31 29 27 46 21 39  0  0  0  0  0  0  0 35 33 36 20 16 17 43 50 46 22 16  0  0  0  0 30 43 20 33  0  0  0  0  0  0 40 24 21 25 41 32 29 50 23 30 14  0  0  0  0  0  0 50 44 14 29 28  0  0  0  0  0  0 27 30 25 39  0  0  0  0  0 24 40 16 15 39 27  0  0  0  0 47 41 31 43 29  0  0  0  0  0 48 49 12 31 49 48 37 15 38 44  0  0  0  0 41 16 28 32 44 45  0  0  0  0  0 26 21 33 33 31 14 50 33 18 30
28 12 47 21 22 23 38 27 30 42  0  0  0  0  0  0 35 32 36 14 40 26 48 42 34 23  0  0  0  0  0  0  0 45 35 14 26 45 38 33 30 43 23 27  0  0  0  0 23 37 14 22  0  0  0  0  0  0 34 42 40 26 49 24 17 17 26 31 43  0  0  0  0  0  0 30 50 31 47 48  0  0  0  0  0  0 44 30 19 38  0  0  0  0  0 16 37 34 36 50 20  0  0  0  0 37 38 30 12 34  0  0  0  0  0 50 22 50 12 26 36 18 43 45 23  0  0  0  0 46 35 14 33 37 33  0  0  0  0  0 15 36 45 47 26 37 42 18 50 13
22 23 30 43 18 12 23 18 39 26  0  0  0  0  0  0 46 15 27 40 23 18 18 26 28 50  0  0  0  0  0  0  0 36 31 48 21 47 15 35 40 22 42 42  0  0  0  0 24 18 12 30  0  0  0  0  0  0 20 49 13 17 26 27 29 49 26 24 26  0  0  0  0  0  0 45 50 50 44 24  0  0  0  0  0  0 29 39 25 31  0  0  0  0  0 44 32 20 34 19 14  0  0  0  0 43 30 41 50 30  0  0  0  0  0 48 33 12 23 28 32 26 14 20 12  0  0  0  0 34 31 17 38 27 38  0  0  0  0  0 42 46 40 19 22 42 27 32 20 44
17 27 19 23 48 47 21 33 24 15  0  0  0  0  0  0 14 48 19 28 42 37 24 34 15 31  0  0  0  0  0  0  0 34 21 35 21 17 32 29 32 15 32 32  0  0  0  0 33 37 19 49  0  0  0  0  0  0 41 15 30 43 30 15 19 49 14 23 25  0  0  0  0  0  0 27 37 18 46 28  0  0  0  0  0  0 43 22 49 17  0  0  0  0  0 22 23 24 37 31 26  0  0  0  0 36 24 35 28 23  0  0  0  0  0 21 23 43 28 18 37 25 24 28 28  0  0  0  0 33 42 18 13 25 21  0  0  0  0  0 25 19 15 38 19 30 38 34 15 26
26 36 12 47 23 14 12 43 25 46  0  0  0  0  0  0 22 37 22 14 18 28 24 34 17 40  0  0  0  0  0  0  0 47 27 45 37 34 38 42 38 44 20 19  0  0  0  0 46 19 49 28  0  0  0  0  0  0 50 21 29 17 31 30 41 15 23 45 16  0  0  0  0  0  0 40 28 38 16 17  0  0  0  0  0  0 14 14 33 23  0  0  0  0  0 33 28 23 41 45 43  0  0  0  0 24 27 41 42 25  0  0  0  0  0 33 15 49 33 28 30 33 46 30 45  0  0  0  0 18 44 18 47 39 38  0  0  0  0  0 14 12 50 49 29 18 20 48 31 21
31 16 22 16 43 46 29 34 32 48  0  0  0  0  0  0 14 35 39 23 13 49 24 19 45 28  0  0  0  0  0  0  0 26 38 41 32 24 30 47 40 23 27 31  0  0  0  0 49 21 48 12  0  0  0  0  0  0 12 19 17 28 47 25 43 24 15 22 18  0  0  0  0  0  0 20 50 31 13 47  0  0  0  0  0  0 19 45 38 40  0  0  0  0  0 29 28 40 26 14 50  0  0  0  0 48 36 37 48 17  0  0  0  0  0 18 15 15 21 31 31 38 18 29 33  0  0  0  0 36 45 17 19 23 44  0  0  0  0  0 25 42 28 18 40 12 38 46 32 42
42 48 44 15 36 46 20 22 17 22  0  0  0  0  0  0 15 24 39 18 34 13 15 39 41 26  0  0  0  0  0  0  0 30 24 50 22 32 47 41 24 34 36 38  0  0  0  0 41 33 36 43  0  0  0  0  0  0 39 49 18 27 44 29 33 26 23 14 36  0  0  0  0  0  0 44 19 30 35 42  0  0  0  0  0  0 21 26 41 26  0  0  0  0  0 19 38 23 16 18 48  0  0  0  0 49 23 14 13 26  0  0  0  0  0 13 18 21 42 18 46 43 33 40 16  0  0  0  0 42 16 19 44 49 30  0  0  0  0  0 21 34 29 29 40 31 42 31 47 24
31 37 46 41 49 35 47 30 27 34  0  0  0  0  0  0 15 15 33 44 13 14 41 35 47 12  0  0  0  0  0  0  0 34 44 41 25 16 14 35 15 27 44 45  0  0  0  0 47 20 15 34  0  0  0  0  0  0 41 29 33 48 30 37 23 48 21 31 33  0  0  0  0  0  0 32 47 19 48 32  0  0  0  0  0  0 32 13 25 21  0  0  0  0  0 50 49 22 49 45 44  0  0  0  0 38 23 25 14 12  0  0  0  0  0 42 22 44 33 17 27 30 49 31 31  0  0  0  0 32 24 22 15 21 24  0  0  0  0  0 20 42 12 44 27 17 20 12 33 28
31 25 44 36 32 17 20 24 19 30  0  0  0  0  0  0 45 22 47 15 18 49 34 14 29 33  0  0  0  0  0  0  0 49 25 42 39 36 49 44 22 15 36 17  0  0  0  0 40 28 27 20 45 44 43 42 41  0 39 14 34 41 21 20 38 23 22 33 40  0  0  0  0  0  0 25 26 25 17 14  0  0  0  0  0  0 41 33 43 37  0  0  0  0  0 25 23 43 12 18 49  0  0  0  0 26 29 35 32 45  0  0  0  0  0 45 46 20 47 41 45 40 27 42 39  0  0  0  0 29 19 32 36 36 45  0  0  0  0  0 12 38 24 37 24 42 32 32 14 43
13 42 30 26 33 27 49 30 15 50  0  0  0  0  0  0 24 21 47 32 28 35 40 20 17 47  0  0  0  0  0  0  0 24 16 24 18 18 22 16 40 22 23 26  0  0  0  0 38 32 33 43 32  0  0  0 40  0 38 21 46 46 44 48 20 13 14 26 37  0  0  0  0  0  0 33 13 23 42 18  0  0  0  0  0  0 24 24 35 12  0  0  0  0  0 22 17 46 17 31 26  0  0  0  0 47 49 46 46 33  0  0  0  0  0 18 42 45 44 15 13 32 40 14 13  0  0  0  0 50 27 14 46 34 48  0  0  0  0  0 21 23 23 42 12 25 31 19 47 48
15 41 28 22 45 40 36 19 30 27  0  0  0  0  0  0 43 35 25 32 33 21 27 26 29 16  0  0  0  0  0  0  0 40 22 28 16 46 19 46 16 18 31 22  0  0  0  0 26 34 36 41 33  0  0  0 39  0 25 43 29 35 16 32 23 43 32 14 20  0  0  0  0  0  0 22 26 38 44 50  0  0  0  0  0  0 14 15 25 39  0  0  0  0  0 48 34 32 44 39 44  0  0  0  0 14 19 35 23 47  0  0  0  0  0 43 20 16 42 16 45 29 41 22 49  0  0  0  0 36 23 18 14 50 20  0  0  0  0  0 34 22 20 32 14 46 42 14 26 49
31 17 13 43 31 42 37 12 28 21  0  0  0  0  0  0 14 30 27 24 40 30 48 26 49 20  0  0  0  0  0  0  0 49 47 40 37 22 39 35 36 42 16 35  0  0  0  0 15 33 25 31 34 35 36 37 38  0 38 16 37 36 12 39 25 34 41 35 35  0  0  0  0  0  0 43 40 18 28 39  0  0  0  0  0  0 16 35 41 40  0  0  0  0  0 26 35 48 46 18 47  0  0  0  0 30 36 23 38 22  0  0  0  0  0 36 32 15 36 46 35 32 43 39 16  0  0  0  0 30 27 41 37 35 36  0  0  0  0  0 29 34 44 29 40 16 43 33 49 25
40 20 26 14 45 43 39 30 45 44  0  0  0  0  0  0 37 39 24 29 32 13 24 43 26 43  0  0  0  0  0  0  0 36 31 35 27 31 15 28 34 21 43 37  0  0  0  0 30 35 39 13  0  0  0  0  0  0 26 29 18 33 33 41 42 28 31 39 12  0  0  0  0  0  0 49 33 24 35 17  0  0  0  0  0  0 27 43 31 39  0  0  0  0  0 19 32 26 30 36 17  0  0  0  0 18 37 20 23 21  0  0  0  0  0 13 43 24 24 24 33 26 24 25 19  0  0  0  0 22 42 42 36 37 46  0  0  0  0  0 32 39 22 21 39 24 20 43 37 30
41 47 21 44 13 43 36 30 43 33  0  0  0  0  0  0 25 34 16 20 25 16 33 44 47 41  0  0  0  0  0  0  0 41 43 35 13 16 38 48 12 12 25 35  0  0  0  0 49 39 38 36  0  0  0  0  0  0 21 50 32 14 29 42 35 14 40 15 41  0  0  0  0  0  0 24 45 17 34 31  0  0  0  0  0  0 29 28 15 14  0  0  0  0  0 26 17 28 18 28 13  0  0  0  0 32 38 28 15 29  0  0  0  0  0 38 44 26 17 15 20 41 15 25 46  0  0  0  0 15 19 24 13 44 21  0  0  0  0  0 45 40 33 21 34 12 38 18 15 36
40 32 33 15 35 19 17 50 31 46  0  0  0  0  0  0 15 24 40 39 47 15 48 12 13 26  0  0  0  0  0  0  0 24 38 44 44 25 50 22 38 29 27 15  0  0  0  0 45 40 16 29  0  0  0  0  0  0 25 19 41 33 16 39 18 25 19 17 37  0  0  0  0  0  0 12 46 38 50 25  0  0  0  0  0  0 37 18 23 34  0  0  0  0  0 49 31 40 41 25 28  0  0  0  0 23 40 28 37 31  0  0  0  0  0 29 42 18 49 23 32 39 27 50 42  0  0  0  0 43 26 44 19 30 30  0  0  0  0  0 21 18 39 22 26 31 26 34 36 37
16 42 47 42 18 48 16 38 32 27  0  0  0  0  0  0 15 17 20 33 19 42 45 49 30 35  0  0  0  0  0  0  0 50 35 28 37 27 19 37 17 45 43 15  0  0  0  0 18 33 25 31  0  0  0  0  0  0 46 44 40 26 48 28 37 15 19 47 32  0  0  0  0  0  0 13 22 48 13 39  0  0  0  0  0  0 20 30 13 14  0  0  0  0  0 46 31 43 33 44 17  0  0  0  0 46 19 19 21 25  0  0  0  0  0 33 19 50 33 15 12 23 28 34 45  0  0  0  0 43 40 12 21 12 45  0  0  0  0  0 46 26 46 43 47 47 29 24 20 40
39 48 18 17 21 44 31 27 48 26  0  0  0  0  0  0 27 22 50 17 24 47 42 19 36 47  0  0  0  0  0  0  0 15 15 50 42 45 35 45 15 16 14 35  0  0  0  0 27 35 43 46  0  0  0  0  0  0 48 48 42 16 35 19 25 30 47 50 25  0  0  0  0  0  0 50 29 17 29 30  0  0  0  0  0  0 35 49 27 38  0  0  0  0  0 40 37 21 35 39 30  0  0  0  0 29 38 42 47 17  0  0  0  0  0 20 39 30 32 28 36 47 48 14 41  0  0  0  0 27 22 24 46 24 24  0  0  0  0  0 44 30 30 19 23 42 25 31 33 26
38 13 37 16 39 12 37 30 47 24  0  0  0  0  0  0 41 47 47 42 36 17 33 37 22 17  0  0  0  0  0  0  0 36 43 19 47 48 12 15 19 18 33 17  0  0  0  0 39 39 19 34  0  0  0  0  0  0 41 18 14 13 29 41 21 47 43 13 19  0  0  0  0  0  0 21 14 24 34 48  0  0  0  0  0  0 22 40 28 43  0  0  0  0  0 20 48 36 48 18 32  0  0  0  0 36 37 47 24 13  0  0  0  0  0 33 42 18 23 19 29 49 12 36 28  0  0  0  0 25 27 29 45 50 50  0  0  0  0  0 22 13 37 34 23 22 28 19 28 20
25 46 28 25 44 47 25 25 32 17  0  0  0  0  0  0 42 25 16 31 22 19 13 36 29 15  0  0  0  0  0  0  0 36 36 35 26 12 48 36 37 41 12 46  0  0  0  0 36 40 26 25  0  0  0  0  0  0 44 38 35 30 32 12 44 23 35 41 32  0  0  0  0  0  0 24 31 35 34 41  0  0  0  0  0  0 23 32 44 38  0  0  0  0  0 12 26 42 14 36 35  0  0  0  0 25 24 21 44 28  0  0  0  0  0 26 23 38 50 22 26 23 49 27 35  0  0  0  0 26 48 29 41 40 25  0  0  0  0  0 48 21 47 27 22 36 47 42 29 36
29 27 14 43 16 41 43 46 50 38  0  0  0  0  0  0 38 46 38 47 46 26 29 49 17 25  0  0  0  0  0  0  0 16 17 12 24 41 44 46 16 18 21 23  0  0  0  0 25 43 12 32  0  0  0  0  0  0 15 35 35 45 37 26 39 42 19 19 27  0  0  0  0  0  0 49 26 12 18 47  0  0  0  0  0  0 23 22 25 48  0  0  0  0  0 46 30 23 41 46 39  0  0  0  0 48 43 49 33 43  0  0  0  0  0 29 42 34 39 45 28 26 38 24 46  0  0  0  0 30 30 31 23 25 26  0  0  0  0  0 41 30 44 25 27 22 41 33 21 24
21 42 13 17 23 43 26 39 14 32  0  0  0  0  0  0 42 21 30 12 39 24 48 18 15 46  0  0  0  0  0  0  0 24 19 38 18 38 28 16 32 35 35 15  0  0  0  0 21 19 47 29  0  0  0  0  0  0 48 37 29 15 13 30 37 27 47 49 50  0  0  0  0  0  0 41 24 26 15 50  0  0  0  0  0  0 36 14 20 26  0  0  0  0  0 49 50 17 33 27 19  0  0  0  0 25 25 44 46 35  0  0  0  0  0 19 35 22 30 16 45 47 21 32 42  0  0  0  0 30 17 46 30 36 22  0  0  0  0  0 44 39 46 15 40 20 33 18 40 25
16 14 18 19 15 35 18 45 42 25  0  0  0  0  0  0 24 21 42 31 37 46 37 15 34 41  0  0  0  0  0  0  0 48 24 40 16 49 32 21 26 30 50 30  0  0  0  0 15 41 14 23  0  0  0  0  0  0 38 14 36 27 42 26 30 21 45 50 38  0  0  0  0  0  0 38 17 34 41 38  0  0  0  0  0  0 42 23 28 31  0  0  0  0  0 29 49 50 32 40 20  0  0  0  0 17 33 42 38 13  0  0  0  0  0 17 18 43 27 31 36 28 46 31 41  0  0  0  0 17 39 29 46 27 32  0  0  0  0  0 12 18 49 30 49 35 26 32 19 39
18 16 45 47 43 45 23 38 25 25  0  0  0  0  0  0 33 27 15 40 24 46 48 39 28 25  0  0  0  0  0  0  0 32 32 31 36 13 15 35 14 30 49 28  0  0  0  0 42 41 33 46  0  0  0  0  0  0 41 43 20 12 49 43 33 32 13 27 15  0  0  0  0  0  0 22 17 34 39 38  0  0  0  0  0  0 31 24 50 33  0  0  0  0  0 38 50 30 45 49 39  0  0  0  0 21 35 43 37 46  0  0  0  0  0 41 20 15 38 28 14 21 48 14 29  0  0  0  0 24 26 34 19 17 49  0  0  0  0  0 33 29 19 32 18 41 20 34 47 49
18 30 44 36 37 34 23 50 15 47  0  0  0  0  0  0 43 12 43 45 43 24 16 32 28 49  0  0  0  0  0  0  0 22 47 14 12 45 50 29 46 44 14 48  0  0  0  0 21 46 39 30  0  0  0  0  0  0 12 30 30 17 46 32 40 29 13 43 42  0  0  0  0  0  0 13 23 34 25 37  0  0  0  0  0  0 13 42 17 19  0  0  0  0  0 34 34 43 45 49 44  0  0  0  0 30 13 50 50 25  0  0  0  0  0 49 48 34 31 20 43 28 25 48 45  0  0  0  0 36 20 21 16 35 23  0  0  0  0  0 22 48 33 13 25 12 28 40 43 26
13 47 45 40 34 46 47 36 39 46  0  0  0  0  0  0 45 25 40 50 34 14 32 42 38 41  0  0  0  0  0  0  0 43 13 26 29 37 26 29 20 35 16 38  0  0  0  0 33 37 26 13  0  0  0  0  0  0 50 43 40 30 39 42 14 16 24 26 25  0  0  0  0  0  0 19 50 40 29 42  0  0  0  0  0  0 15 37 34 32  0  0  0  0  0 20 44 23 46 19 14  0  0  0  0 49 26 14 41 49  0  0  0  0  0 39 35 19 36 43 50 38 15 29 32  0  0  0  0 17 50 22 28 48 38  0  0  0  0  0 20 33 28 29 17 38 33 18 33 27
38 36 50 15 16 24 41 22 31 30  0  0  0  0  0  0 42 22 40 41 32 23 50 31 41 34  0  0  0  0  0  0  0 36 41 22 24 28 40 29 14 43 33 18  0  0  0  0 14 41 40 14  0  0  0  0  0  0 28 25 12 45 25 24 33 23 30 40 27  0  0  0  0  0  0 18 19 22 13 31  0  0  0  0  0  0 39 46 44 45  0  0  0  0  0 46 34 21 34 28 19  0  0  0  0 18 16 21 24 24  0  0  0  0  0 26 45 17 37 15 19 15 40 16 19  0  0  0  0 37 12 36 27 13 25  0  0  0  0  0 15 43 37 16 21 47 23 39 33 33
50 30 41 17 38 24 14 21 12 36  0  0  0  0  0  0 26 24 33 24 45 28 43 22 18 37  0  0  0  0  0  0  0 25 25 35 23 30 50 34 15 21 24 31  0  0  0  0 18 32 20 28  0  0  0  0  0  0 50 23 35 48 28 21 22 14 38 43 26  0  0  0  0  0  0 39 12 37 50 33  0  0  0  0  0  0 34 42 23 31  0  0  0  0  0 27 22 25 45 12 45  0  0  0  0 40 14 46 39 27  0  0  0  0  0 18 21 38 35 13 13 38 43 14 34  0  0  0  0 13 25 28 30 33 25  0  0  0  0  0 38 12 29 22 17 14 46 42 24 24
40 45 48 29 44 30 40 33 44 36  0  0  0  0  0  0 28 32 42 32 47 29 45 14 28 18  0  0  0  0  0  0  0 42 41 41 36 43 35 21 26 41 45 40  0  0  0  0 38 33 48 15  0  0  0  0  0  0 20 45 23 46 32 33 31 30 35 49 34  0  0  0  0  0  0 41 43 34 39 27  0  0  0  0  0  0 43 31 32 35  0  0  0  0  0 47 38 37 38 30 49  0  0  0  0 16 29 49 25 30  0  0  0  0  0 36 44 37 42 46 34 49 49 45 37  0  0  0  0 19 33 19 24 45 33  0  0  0  0  0 44 14 12 21 24 27 22 21 34 12
15 44 41 17 12 19 18 25 45 41  0  0  0  0  0  0 39 28 48 30 49 25 32 33 14 41  0  0  0  0  0  0  0 21 32 50 37 18 35 12 33 27 29 33  0  0  0  0 22 28 29 46  0  0  0  0  0  0 38 42 41 18 21 30 39 45 31 22 21  0  0  0  0  0  0 42 39 18 42 30  0  0  0  0  0  0 18 22 49 21  0  0  0  0  0 29 46 36 47 46 49  0  0  0  0 40 38 14 45 43  0  0  0  0  0 27 47 14 13 39 36 48 46 40 16  0  0  0  0 27 24 37 12 47 35  0  0  0  0  0 25 42 13 37 27 23 38 32 33 39
37 36 20 18 35 28 33 37 22 37  0  0  0  0  0  0 28 50 23 34 27 45 18 21 28 29  0  0  0  0  0  0  0 41 14 31 45 37 47 20 50 18 36 40  0  0  0  0 24 49 37 21  0  0  0  0  0  0 29 15 15 36 15 42 42 36 44 41 27  0  0  0  0  0  0 22 32 18 24 47  0  0  0  0  0  0 36 31 36 29  0  0  0  0  0 34 37 34 29 20 48  0  0  0  0 20 38 26 32 23  0  0  0  0  0 19 25 38 22 49 24 30 36 43 27  0  0  0  0 27 20 43 29 16 48  0  0  0  0  0 43 46 37 45 35 48 38 31 21 19
16 23 50 29 25 34 21 29 25 23  0  0  0  0  0  0 31 32 41 41 48 12 30 48 18 48  0  0  0  0  0  0  0 34 18 18 18 30 29 23 31 21 34 14  0  0  0  0 24 43 13 37  0  0  0  0  0  0 18 12 23 24 26 49 28 14 35 40 42  0  0  0  0  0  0 27 18 28 23 29  0  0  0  0  0  0 21 14 47 44  0  0  0  0  0 42 42 12 50 49 38  0  0  0  0 40 28 22 29 44  0  0  0  0  0 44 45 20 30 20 24 26 19 44 44  0  0  0  0 50 32 33 33 25 17  0  0  0  0  0 17 19 40 39 32 39 31 22 20 35
26 16 17 20 18 40 16 27 20 43  0  0  0  0  0  0 21 31 16 37 32 45 16 13 20 12  0  0  0  0  0  0  0 14 21 40 25 26 45 14 16 49 42 33  0  0  0  0 22 39 23 17  0  0  0  0  0  0 18 21 23 18 29 32 49 24 36 23 44  0  0  0  0  0  0 24 32 17 50 27  0  0  0  0  0  0 31 33 15 30  0  0  0  0  0 19 40 46 27 19 40  0  0  0  0 28 50 27 14 38  0  0  0  0  0 12 49 31 26 21 36 18 40 13 46  0  0  0  0 48 38 37 45 44 25  0  0  0  0  0 43 46 32 45 15 44 50 23 12 14
17 17 35 42 31 47 23 42 37 37  0  0  0  0  0  0 15 19 21 41 31 17 39 29 22 18  0  0  0  0  0  0  0 41 23 19 21 37 37 25 50 35 25 20  0  0  0  0 42 49 28 22  0  0  0  0  0  0 36 14 31 27 20 12 37 26 37 44 37  0  0  0  0  0  0 34 35 21 32 49  0  0  0  0  0  0 39 40 48 17  0  0  0  0  0 47 16 21 50 37 15  0  0  0  0 32 44 46 12 44  0  0  0  0  0 35 41 48 37 37 46 28 29 23 43  0  0  0  0 48 15 21 37 18 24  0  0  0  0  0 34 40 32 13 39 47 38 22 34 22
48 44 32 15 14 39 16 12 44 30  0  0  0  0  0  0 15 45 24 41 38 31 40 26 50 27  0  0  0  0  0  0  0 26 28 36 14 31 38 38 38 34 23 36  0  0  0  0 29 47 18 43  0  0  0  0  0  0 16 28 37 19 20 33 45 34 40 15 40  0  0  0  0  0  0 27 26 15 47 46  0  0  0  0  0  0 20 33 32 50  0  0  0  0  0 43 36 48 45 37 40  0  0  0  0 48 33 22 13 29  0  0  0  0  0 18 40 20 14 12 14 13 29 50 47  0  0  0  0 21 17 24 14 46 27  0  0  0  0  0 19 40 47 39 40 36 31 36 24 33
13 40 48 30 25 45 33 50 47 45  0  0  0  0  0  0 31 26 48 30 31 37 25 33 50 37  0  0  0  0  0  0  0 16 50 47 27 31 16 23 40 49 24 18  0  0  0  0 39 43 46 19  0  0  0  0  0  0 42 34 38 48 41 33 46 32 31 28 34  0  0  0  0  0  0 46 29 31 19 26  0  0  0  0  0  0 22 12 46 49  0  0  0  0  0 22 39 29 29 22 24  0  0  0  0 35 48 48 14 47  0  0  0  0  0 23 14 43 47 13 27 32 28 26 33  0  0  0  0 15 26 18 24 42 14  0  0  0  0  0 48 12 24 37 34 21 49 46 40 26
29 44 46 42 42 16 44 47 24 38  0  0  0  0  0  0 49 41 45 24 47 32 13 48 30 27  0  0  0  0  0  0  0 41 37 41 37 15 16 40 47 42 19 31  0  0  0  0 46 45 43 12  0  0  0  0  0  0 18 19 39 30 31 46 47 49 33 32 22  0  0  0  0  0  0 47 18 31 41 20  0  0  0  0  0  0 48 24 40 15  0  0  0  0  0 41 45 26 23 26 28  0  0  0  0 40 12 30 36 16  0  0  0  0  0 50 35 44 41 18 37 29 49 47 17  0  0  0  0 28 15 50 24 26 27  0  0  0  0  0 26 47 12 44 48 35 41 22 44 18
23 38 36 39 25 22 17 36 25 33  0  0  0  0  0  0 31 43 15 36 46 15 45 14 28 30  0  0  0  0  0  0  0 16 36 43 46 39 33 33 21 31 24 33  0  0  0  0 23 50 45 33  0  0  0  0  0  0 47 18 23 18 13 13 24 45 24 23 50  0  0  0  0  0  0 15 35 18 44 15  0  0  0  0  0  0 26 26 28 46  0  0  0  0  0 39 36 30 14 43 35  0  0  0  0 34 22 45 13 49  0  0  0  0  0 50 22 45 12 30 18 38 48 25 17  0  0  0  0 37 22 33 30 42 41  0  0  0  0  0 36 15 29 15 44 15 33 33 41 34
22 16 20 44 12 15 37 30 44 16  0  0  0  0  0  0 19 15 44 41 26 25 13 50 28 42  0  0  0  0  0  0  0 47 41 30 23 15 46 43 20 27 13 24  0  0  0  0 14 47 37 48  0  0  0  0  0  0 19 19 35 26 48 33 26 32 32 18 36  0  0  0  0  0  0 41 13 35 23 37  0  0  0  0  0  0 38 36 34 33  0  0  0  0  0 41 12 34 28 26 27  0  0  0  0 19 21 31 30 21  0  0  0  0  0 23 49 13 46 42 17 13 34 27 39  0  0  0  0 16 18 30 28 18 13  0  0  0  0  0 14 22 13 48 38 28 26 39 15 23
16 34 28 30 19 37 23 24 36 12  0  0  0  0  0  0 48 25 16 44 27 44 34 22 12 43  0  0  0  0  0  0  0 12 14 13 25 28 37 21 27 40 23 13  0  0  0  0 40 28 44 12  0  0  0  0  0  0 29 32 22 26 43 29 49 16 48 39 22  0  0  0  0  0  0 34 34 16 19 35  0  0  0  0  0  0 31 50 28 26  0  0  0  0  0 19 35 18 38 31 36  0  0  0  0 50 45 40 21 26  0  0  0  0  0 29 18 37 46 45 12 48 12 35 24  0  0  0  0 36 40 16 47 13 39  0  0  0  0  0 19 36 37 18 41 13 49 18 31 20
26 39 22 40 24 15 17 12 12 18  0  0  0  0  0  0 29 26 13 16 41 38 24 29 45 30  0  0  0  0  0  0  0 15 30 24 38 13 37 46 12 13 13 33  0  0  0  0 34 39 42 27  0  0  0  0  0  0 28 30 37 18 26 45 42 47 34 14 47  0  0  0  0  0  0 46 13 34 27 35  0  0  0  0  0  0 33 27 34 16  0  0  0  0  0 46 24 41 38 25 34  0  0  0  0 15 24 20 26 32  0  0  0  0  0 17 35 36 40 45 37 33 17 43 25  0  0  0  0 14 36 47 15 23 33  0  0  0  0  0 50 19 15 26 48 35 29 30 13 22
23 37 35 29 37 23 43 20 40 34  0  0  0  0  0  0 42 45 24 34 48 44 15 30 34 28  0  0  0  0  0  0  0 28 35 32 37 33 41 45 38 15 40 50  0  0  0  0 35 20 12 26  0  0  0  0  0  0 29 15 20 34 13 12 21 14 26 33 19  0  0  0  0  0  0 19 24 39 49 38  0  0  0  0  0  0 32 28 28 42  0  0  0  0  0 45 43 41 23 49 16  0  0  0  0 24 36 12 17 38  0  0  0  0  0 15 23 35 22 29 34 36 25 31 47  0  0  0  0 25 28 20 12 23 12  0  0  0  0  0 40 37 50 29 14 31 21 44 17 50
46 24 34 48 49 41 17 34 24 27  0  0  0  0  0  0 17 31 45 29 36 25 24 13 23 28  0  0  0  0  0  0  0 30 14 41 17 43 17 29 36 42 38 34  0  0  0  0 14 50 31 48  0  0  0  0  0  0 42 14 22 39 12 38 22 32 24 34 29  0  0  0  0  0  0 37 15 31 28 34  0  0  0  0  0  0 42 33 49 20  0  0  0  0  0 37 24 26 44 44 46  0  0  0  0 13 39 19 20 22  0  0  0  0  0 27 15 39 36 13 18 32 49 35 46  0  0  0  0 31 36 45 32 16 20  0  0  0  0  0 23 17 40 35 46 38 42 15 17 42
26 34 48 49 28 21 16 27 31 39  0  0  0  0  0  0 28 35 15 46 46 46 43 12 12 27  0  0  0  0  0  0  0 43 19 19 36 41 13 41 28 42 20 28  0  0  0  0 13 16 24 15  0  0  0  0  0  0 40 41 35 47 41 35 21 37 22 19 22  0  0  0  0  0  0 21 23 17 25 44  0  0  0  0  0  0 18 48 24 30  0  0  0  0  0 42 21 19 40 39 12  0  0  0  0 21 29 29 43 28  0  0  0  0  0 49 41 50 19 29 26 17 15 33 24  0  0  0  0 15 18 35 42 15 24  0  0  0  0  0 21 22 28 38 20 14 15 36 15 32
49 16 26 48 21 47 21 30 40 33  0  0  0  0  0  0 40 21 39 14 43 15 40 38 42 25  0  0  0  0  0  0  0 17 18 17 18 34 40 35 33 22 20 42  0  0  0  0 49 20 36 47  0  0  0  0  0  0 23 42 49 39 42 18 46 30 49 36 26  0  0  0  0  0  0 12 27 20 38 14  0  0  0  0  0  0 22 13 49 19  0  0  0  0  0 24 28 29 14 40 17  0  0  0  0 39 45 24 17 21  0  0  0  0  0 49 50 43 14 16 18 28 30 50 40  0  0  0  0 41 13 19 39 49 45  0  0  0  0  0 46 30 36 36 18 29 30 25 31 18
47 12 45 45 14 42 50 29 46 35  0  0  0  0  0  0 18 34 23 36 19 30 16 35 32 29  0  0  0  0  0  0  0 13 36 25 28 30 35 33 36 16 27 13  0  0  0  0 49 31 31 32  0  0  0  0  0  0 45 23 30 36 19 31 44 39 50 48 36  0  0  0  0  0  0 29 28 42 20 25  0  0  0  0  0  0 45 44 38 36  0  0  0  0  0 20 14 26 45 31 35  0  0  0  0 32 18 32 22 32  0  0  0  0  0 21 44 29 22 43 40 45 34 15 46  0  0  0  0 30 16 47 31 46 36  0  0  0  0  0 38 20 26 38 23 42 36 29 24 14
28 16 47 26 39 12 45 14 37 34  0  0  0  0  0  0 46 43 46 27 17 17 13 45 42 48  0  0  0  0  0  0  0 23 40 44 34 36 29 14 49 30 38 14  0  0  0  0 37 38 27 12  0  0  0  0  0  0 20 32 38 19 22 32 16 16 33 13 23  0  0  0  0  0  0 12 36 13 38 49  0  0  0  0  0  0 17 21 39 30  0  0  0  0  0 23 34 28 31 26 29  0  0  0  0 34 49 20 30 15  0  0  0  0  0 13 27 34 25 28 50 34 23 33 17  0  0  0  0 13 49 50 26 42 26  0  0  0  0  0 47 32 34 43 15 35 14 16 21 19
20 27 24 39 46 48 34 42 39 24  0  0  0  0  0  0 16 48 22 38 33 20 14 18 16 27  0  0  0  0  0  0  0 30 36 35 33 20 30 49 27 30 48 46  0  0  0  0 30 49 14 15  0  0  0  0  0  0 14 21 24 38 38 29 14 31 17 24 44  0  0  0  0  0  0 31 29 36 12 16  0  0  0  0  0  0 20 50 19 14  0  0  0  0  0 16 45 19 18 15 42  0  0  0  0 37 49 16 38 39  0  0  0  0  0 50 49 13 19 22 34 44 21 49 23  0  0  0  0 22 19 41 43 26 48  0  0  0  0  0 12 43 48 44 41 13 15 24 33 26
16 42 30 27 45 50 44 22 19 45  0  0  0  0  0  0 40 36 14 27 44 24 16 32 13 17  0  0  0  0  0  0  0 43 14 12 44 27 44 34 43 50 17 42  0  0  0  0 30 37 23 22  0  0  0  0  0  0 48 28 35 30 28 22 35 22 24 48 14  0  0  0  0  0  0 45 18 29 17 13  0  0  0  0  0  0 44 44 17 14  0  0  0  0  0 41 28 21 24 39 35  0  0  0  0 15 43 49 23 25  0  0  0  0  0 21 44 21 35 45 34 32 40 21 39  0  0  0  0 37 20 31 44 50 44  0  0  0  0  0 25 30 32 39 12 25 13 24 21 33
38 24 20 27 29 33 48 46 16 16  0  0  0  0  0  0 15 15 39 48 27 36 38 26 36 28  0  0  0  0  0  0  0 25 21 20 50 34 36 33 30 41 50 44  0  0  0  0 48 15 41 29  0  0  0  0  0  0 35 22 50 26 17 47 13 42 36 35 46  0  0  0  0  0  0 22 32 22 48 39  0  0  0  0  0  0 25 25 43 45  0  0  0  0  0 14 32 26 32 27 34  0  0  0  0 14 21 21 36 23  0  0  0  0  0 15 28 32 42 25 29 29 30 20 43  0  0  0  0 36 37 38 28 13 27  0  0  0  0  0 22 49 32 40 35 18 14 15 24 17
24 30 39 49 13 12 13 49 28 32  0  0  0  0  0  0 22 33 31 45 17 30 47 42 23 45  0  0  0  0  0  0  0 26 22 20 22 34 22 23 22 39 32 29  0  0  0  0 34 47 41 19  0  0  0  0  0  0 13 31 22 43 46 14 35 43 35 37 33  0  0  0  0  0  0 23 37 48 30 22  0  0  0  0  0  0 37 31 19 27  0  0  0  0  0 25 16 34 33 35 14  0  0  0  0 18 19 36 30 19  0  0  0  0  0 20 17 16 17 34 38 18 47 13 38  0  0  0  0 39 42 20 16 30 27  0  0  0  0  0 19 21 28 45 19 33 40 38 37 35
26 36 44 19 33 42 45 20 12 44  0  0  0  0  0  0 38 16 20 12 15 17 15 25 43 16  0  0  0  0  0  0  0 42 43 28 28 25 32 41 29 41 16 42  0  0  0  0 48 45 15 46  0  0  0  0  0  0 37 50 13 42 34 50 42 27 47 38 39  0  0  0  0  0  0 15 40 28 29 16  0  0  0  0  0  0 42 48 21 50  0  0  0  0  0 35 34 14 21 44 22  0  0  0  0 14 36 42 26 31  0  0  0  0  0 20 18 45 22 46 45 13 14 44 35  0  0  0  0 38 49 28 32 23 45  0  0  0  0  0 15 24 29 21 33 43 45 44 44 22
18 47 35 15 23 44 12 31 12 19  0  0  0  0  0  0 20 24 13 45 13 34 22 49 30 30  0  0  0  0  0  0  0 21 30 45 43 24 24 26 49 44 47 36  0  0  0  0 44 44 20 12  0  0  0  0  0  0 49 14 44 43 47 40 45 16 39 25 42  0  0  0  0  0  0 30 29 44 42 29  0  0  0  0  0  0 39 16 17 21  0  0  0  0  0 32 32 43 15 39 21  0  0  0  0 30 45 45 32 39  0  0  0  0  0 29 14 41 26 50 30 39 37 41 44  0  0  0  0 39 39 29 20 36 47  0  0  0  0  0 20 50 41 24 12 39 39 43 28 16
44 21 38 12 21 18 18 38 42 44  0  0  0  0  0  0 13 40 26 38 36 30 24 48 35 15  0  0  0  0  0  0  0 42 18 34 49 29 16 38 37 46 28 29  0  0  0  0 18 48 41 15  0  0  0  0  0  0 17 16 25 13 31 25 25 20 21 22 48  0  0  0  0  0  0 38 36 22 45 20  0  0  0  0  0  0 31 13 16 33  0  0  0  0  0 40 39 27 46 32 50  0  0  0  0 12 35 19 23 37  0  0  0  0  0 37 32 50 49 17 47 34 34 22 14  0  0  0  0 38 15 16 29 17 48  0  0  0  0  0 44 37 34 48 14 26 31 23 20 37
28 49 41 28 37 30 40 24 25 50  0  0  0  0  0  0 33 43 35 22 26 50 48 20 42 37  0  0  0  0  0  0  0 19 48 30 38 43 45 30 20 46 21 33  0  0  0  0 30 36 26 26  0  0  0  0  0  0 30 29 44 21 24 43 29 14 41 21 48  0  0  0  0  0  0 50 25 39 48 30  0  0  0  0  0  0 43 24 27 38  0  0  0  0  0 25 13 29 27 30 46  0  0  0  0 31 30 39 20 30  0  0  0  0  0 33 35 49 36 43 29 25 31 45 27  0  0  0  0 15 40 12 45 48 46  0  0  0  0  0 17 32 29 12 28 39 37 23 41 35
38 44 15 26 44 24 25 40 12 43  0  0  0  0  0  0 23 43 31 26 17 29 17 16 26 42  0  0  0  0  0  0  0 13 38 31 21 36 28 37 46 14 49 45  0  0  0  0 16 33 29 40  0  0  0  0  0  0 40 15 31 43 19 27 16 31 37 50 33  0  0  0  0  0  0 14 48 21 14 30  0  0  0  0  0  0 22 35 45 50  0  0  0  0  0 14 42 39 48 41 35  0  0  0  0 19 36 48 44 46  0  0  0  0  0 31 38 35 44 25 38 28 24 43 12  0  0  0  0 40 37 43 26 47 40  0  0  0  0  0 13 38 24 13 33 33 26 47 21 40
43 15 45 32 21 48 19 48 24 29  0  0  0  0  0  0 34 46 19 35 36 23 47 22 21 38  0  0  0  0  0  0  0 38 14 39 47 42 22 25 42 23 40 23  0  0  0  0 44 35 34 48  0  0  0  0  0  0 36 42 44 24 12 45 25 49 13 26 41  0  0  0  0  0  0 50 39 25 14 35  0  0  0  0  0  0 25 42 13 49  0  0  0  0  0 21 13 40 26 16 27  0  0  0  0 34 43 13 43 28  0  0  0  0  0 17 30 36 31 12 38 14 35 38 23  0  0  0  0 32 40 18 40 19 36  0  0  0  0  0 22 42 30 43 26 41 21 32 37 38
44 43 41 20 41 43 22 21 26 20  0  0  0  0  0  0 15 15 25 34 50 39 28 44 46 24  0  0  0  0  0  0  0 38 24 45 48 24 45 30 43 16 44 36  0  0  0  0 23 29 39 41  0  0  0  0  0  0 44 45 30 46 33 39 14 25 18 35 18  0  0  0  0  0  0 46 25 30 27 28  0  0  0  0  0  0 14 29 46 23  0  0  0  0  0 29 46 25 17 43 28  0  0  0  0 42 35 47 40 32  0  0  0  0  0 30 43 34 36 28 21 17 45 16 19  0  0  0  0 24 46 22 43 37 44  0  0  0  0  0 39 40 18 19 20 49 45 27 33 32
20 43 14 23 12 41 38 43 41 27  0  0  0  0  0  0 20 45 31 23 47 32 17 18 38 24  0  0  0  0  0  0  0 18 26 29 13 35 38 48 40 14 32 26  0  0  0  0 42 15 50 38  0  0  0  0  0  0 26 25 50 25 49 16 17 43 29 40 13  0  0  0  0  0  0 14 19 28 22 19  0  0  0  0  0  0 19 23 19 45  0  0  0  0  0 19 32 47 37 46 16  0  0  0  0 21 50 50 32 34  0  0  0  0  0 45 35 28 38 21 48 14 28 36 50  0  0  0  0 36 29 23 19 12 28  0  0  0  0  0 14 26 14 32 50 46 43 48 38 20
39 35 30 29 12 16 38 23 38 20  0  0  0  0  0  0 12 42 40 16 36 23 37 40 25 27  0  0  0  0  0  0  0 28 20 23 29 19 27 13 34 34 22 33  0  0  0  0 14 44 20 18  0  0  0  0  0  0 26 34 35 30 43 16 25 19 23 49 42  0  0  0  0  0  0 12 37 32 30 22  0  0  0  0  0  0 15 44 37 34  0  0  0  0  0 16 30 47 48 33 41  0  0  0  0 21 50 17 19 50  0  0  0  0  0 33 38 19 33 35 36 46 50 23 19  0  0  0  0 43 16 44 15 25 29  0  0  0  0  0 16 49 33 18 38 37 46 21 48 46
43 24 49 36 12 35 33 21 37 20  0  0  0  0  0  0 41 46 43 20 26 25 45 46 31 47  0  0  0  0  0  0  0 33 25 39 19 28 26 48 13 44 14 46  0  0  0  0 46 30 46 49  0  0  0  0  0  0 27 34 17 45 20 33 28 34 43 38 34  0  0  0  0  0  0 37 38 49 36 27  0  0  0  0  0  0 25 35 47 43  0  0  0  0  0 38 41 48 42 43 32  0  0  0  0 38 42 39 49 29  0  0  0  0  0 33 23 32 21 22 23 31 28 36 23  0  0  0  0 43 48 39 29 24 20  0  0  0  0  0 35 46 14 16 47 19 31 27 26 14
14 35 34 31 33 19 18 21 48 23  0  0  0  0  0  0 48 42 27 50 34 23 40 35 49 25  0  0  0  0  0  0  0 30 15 28 12 32 43 19 21 45 43 41  0  0  0  0 26 34 45 19  0  0  0  0  0  0 48 43 26 20 28 27 49 48 12 46 31  0  0  0  0  0  0 12 15 35 19 20  0  0  0  0  0  0 29 32 12 28  0  0  0  0  0 33 15 44 28 42 12  0  0  0  0 17 26 47 33 24  0  0  0  0  0 42 37 36 34 22 43 45 12 21 32  0  0  0  0 37 32 31 16 38 23  0  0  0  0  0 50 47 36 27 29 35 35 44 38 14
16 38 30 37 23 18 39 24 16 44  0  0  0  0  0  0 38 14 45 16 31 46 44 37 42 14  0  0  0  0  0  0  0 50 32 25 21 30 41 15 35 22 21 43  0  0  0  0 21 34 39 18  0  0  0  0  0  0 31 36 34 17 42 45 37 28 24 31 35  0  0  0  0  0  0 37 29 19 25 47  0  0  0  0  0  0 39 13 32 24  0  0  0  0  0 32 20 43 21 44 43  0  0  0  0 25 19 37 21 13  0  0  0  0  0 40 14 34 36 43 17 14 39 29 45  0  0  0  0 45 30 15 21 34 28  0  0  0  0  0 34 22 43 21 41 25 13 34 39 45
37 43 46 43 37 35 24 15 33 42  0  0  0  0  0  0 13 42 31 22 38 47 38 43 28 43  0  0  0  0  0  0  0 39 23 47 13 41 33 21 17 16 42 39  0  0  0  0 31 42 40 31  0  0  0  0  0  0 19 23 18 21 42 42 33 17 31 27 18  0  0  0  0  0  0 42 29 37 14 44  0  0  0  0  0  0 44 34 28 23  0  0  0  0  0 28 37 46 32 36 16  0  0  0  0 39 50 15 32 29  0  0  0  0  0 41 33 13 40 25 29 12 38 30 15  0  0  0  0 35 22 43 33 18 37  0  0  0  0  0 42 27 13 41 27 36 20 27 36 21
26 22 28 37 21 14 25 24 47 26  0  0  0  0  0  0 23 22 31 46 24 40 21 13 17 23  0  0  0  0  0  0  0 29 45 49 37 50 44 20 24 35 22 49  0  0  0  0 41 24 40 13  0  0  0  0  0  0 41 37 21 21 42 13 49 31 18 46 14  0  0  0  0  0  0 36 42 18 22 34  0  0  0  0  0  0 27 23 16 45  0  0  0  0  0 16 44 32 27 41 16  0  0  0  0 28 32 26 42 43  0  0  0  0  0 13 44 14 36 32 36 26 23 17 35  0  0  0  0 37 49 42 12 16 42  0  0  0  0  0 15 41 29 39 44 48 32 35 43 14
22 23 13 45 21 27 36 31 19 16  0  0  0  0  0  0 45 17 37 21 45 13 23 44 17 27  0  0  0  0  0  0  0 27 31 37 20 44 24 29 33 24 45 46 42 48 45 46 42 17 27 31  0  0  0  0  0  0 48 14 39 40 17 42 47 17 35 14 26  0  0  0  0  0  0 41 15 24 26 17  0  0  0  0  0  0 29 24 26 16  0  0  0  0  0 39 24 41 15 37 30  0  0  0  0 21 32 15 12 44  0  0  0  0  0 14 14 37 38 38 43 48 20 47 38  0  0  0  0 25 50 24 36 28 38  0  0  0  0  0 32 31 28 14 32 12 26 31 36 18
42 17 25 25 44 48 18 46 45 15  0  0  0  0  0  0 40 25 45 34 50 21 40 50 20 43  0  0  0  0  0  0  0 24 14 19 20 24 15 41 19 26 45 39 12 13 33 27 13 36 38 40  0  0  0  0  0  0 33 20 21 25 21 24 34 18 37 14 43  0  0  0  0  0  0 49 43 35 25 17  0  0  0  0  0  0 41 33 47 16 32 48 30 29 31 47 18 27 14 17 24  0  0  0  0 13 30 14 50 45  0  0  0  0  0 28 28 20 21 49 38 46 13 37 34  0  0  0  0 20 48 29 48 26 22  0  0  0  0  0 34 19 28 17 24 20 44 24 37 49
27 48 50 28 19 27 38 18 32 33  0  0  0  0  0  0 41 45 28 31 24 50 15 41 13 12  0  0  0  0  0  0  0 25 37 41 43 26 42 32 49 18 34 43 24 34 22 48 24 37 34 47  0  0  0  0  0  0 43 14 39 45 25 37 49 32 20 47 49  0  0  0  0  0  0 23 18 30 38 43  0  0  0  0  0  0 49 44 34 29 42 50 14 39 30 21 15 12 19 41 12  0  0  0  0 21 25 35 49 46  0  0  0  0  0 27 38 32 50 43 43 25 30 26 31  0  0  0  0 42 18 41 22 42 29  0  0  0  0  0 27 16 46 26 43 35 32 47 39 14
22 41 22 12 12 34 40 16 38 47  0  0  0  0  0  0 49 31 33 34 27 45 46 21 30 19  0  0  0  0  0  0  0 37 16 13 50 38 13 20 42 23 35 36 33 45 35 39 26 18 33 19  0  0  0  0  0  0 23 50 19 20 16 25 43 14 48 46 22  0  0  0  0  0  0 48 46 21 34 23  0  0  0  0  0  0 15 18 22 38 27 21 27 43 22 22 47 30 14 29 40  0  0  0  0 26 16 40 48 47  0  0  0  0  0 49 40 25 46 48 22 26 15 14 44  0  0  0  0 22 15 22 22 19 23  0  0  0  0  0 13 38 25 22 16 50 16 38 25 49
26 20 43 13 23 34 42 21 28 40  0  0  0  0  0  0 44 43 34 18 17 17 33 45 46 31  0  0  0  0  0  0  0 42 38 17 20 26 25 24 41 48 25 37 29 45 19 17 28 46 39 38  0  0  0  0  0  0 26 22 46 44 38 32 15 19 31 47 20  0  0  0  0  0  0 19 41 25 42 45  0  0  0  0  0  0 42 13 25 15 16 45 21 20 29 22 28 40 49 36 30  0  0  0  0 43 20 45 39 48  0  0  0  0  0 16 29 44 38 46 24 31 13 19 47  0  0  0  0 40 48 28 26 39 21  0  0  0  0  0 41 31 17 38 12 16 40 40 22 29
34 27 25 44 50 13 24 25 34 29 32 22 16 29 48 43 28 27 23 46 22 43 38 48 48 30  0  0  0  0  0  0  0 15 34 12 42 16 41 23 42 17 17 43 19 21 22 36 42 38 29 29  0  0  0  0  0  0 41 48 29 32 30 25 46 50 35 46 40  0  0  0  0  0  0 25 31 19 26 35  0  0  0  0  0  0 43 20 32 48 14 23 22 46 41 33 23 33 15 42 19  0  0  0  0 32 35 36 42 14  0  0  0  0  0 44 32 47 15 24 35 37 13 40 36  0  0  0  0 48 39 22 31 24 32 16 21 30 35 16 29 47 41 24 42 43 28 34 22 31
34 18 27 42 30 42 14 34 17 47 32 44 27 45 32 32 32 42 38 36 41 31 36 34 32 19  0  0  0  0  0  0  0 40 47 39 35 29 31 20 39 19 33 41 31 24 32 30 29 41 44 45  0  0  0  0  0  0 29 29 49 24 42 48 14 36 13 29 33 16 38 28 27 32 24 40 44 24 17 41  0  0  0  0  0  0 22 32 16 38 26 48 14 37 29 22 24 25 12 26 41  0  0  0  0 37 42 21 48 46 14 48 25 19 30 44 20 32 33 32 34 18 32 25 41  0  0  0  0 39 39 17 28 35 37 16 20 13 25 36 35 13 14 47 36 50 41 18 21 40
31 33 29 13 45 42 21 28 16 48 43 40 49 49 46 47 12 15 30 47 37 25 26 26 38 46  0  0  0  0  0  0  0 23 44 24 27 46 15 24 15 24 21 41 32 15 34 42 31 18 27 30  0  0  0  0  0  0 44 22 39 37 23 15 29 13 37 45 48 47 40 37 40 13 38 36 36 39 16 42  0  0  0  0  0  0 41 49 35 23 26 16 37 27 26 25 23 21 27 32 19  0  0  0  0 22 27 29 30 40 25 30 21 46 14 36 26 41 49 36 32 24 48 39 19  0  0  0  0 13 16 31 14 13 32 34 46 35 23 33 42 34 43 42 20 22 24 31 12 25
