40 62 30 1 3
27  0 23  0  2  3 15  0  6  0 18 20 25  0  3 18  0  0  5 20  2 22  0  0  0  0  8 28  6 25  0  1  0  0 24  0  0  3  0 23  0 21 23  8 18 12  0  8  0  0 13 10  0  0 26  0  0  0  0  7  0  0
28  0  0  0  0  2  0  0  0  0  0  0  5  0  3  0  0 24  0  5  0  7  0 16 23  9 27  7  0  0  0  0 10  0  0  0  0  4 18 27  0  7  0  0  0 21  6  0 21  8 18  0  0  0  0  0  0  0  0  0  0  0
15 20  0 13  0  0  8  0 23  9 22  0  0 10 12  0  0  9  0  0  0  0 17  0  0  0  0  8 12 22  0 13  0  3  0  0 24  0 10 15  0  0  5 26 26 22 10  1  0 27 16  6  0  0 28  0  0 27 16 16  8  0
24  0  0  0  0  0  0 25 17 24 16 22  0  0 17  0 16  0  0 11  0  0  0 25 27  0  5  0 15  0  0 20  1 28 24 60 59 58  7 22  0  0  0  0  0 17  0  6  0  0 10  1  0 20  0  0  0 21  4 24  0  0
27  0  1  0  4  0 20 19 11  0  0 21  0  2 23  0  0  0  0  0 28  4 22  0 22  0  0  2 22  8 19  0  0  7 16 53  0 57 19  0 26  0 12  3 16  9  0  0  0 25  0  7  0  6  0  7  8  0 23  0  0 19
15  6 15  1  0  0 18  0  0  0  6  6  0  0  5 22 14  0  7  4 10  0  0 10 25  4 15 26  0 19  0 10 26 17 17 54 55 56 16  0 20 16  9 20 13  0 12 22  6  0  0  0  0 27  0  0 25 24  3  0 16 13
 6 10  0  0  2  0  0 16  0 10  0 14  0  6  0 15  0  6 15  0 23 27  4  0  0  0 10  0  0  3 18 20  0  0  3  0  3  0 14 16 26  6  0 18  0 15  6  0 23  3 26 27  3  0  8  0  9  0  0 15  0 24
12 18 16  7  0 18 18  0 10  0 27  0  8  0  0  0 17  0 25  0  0  0 25 18  0 23  0  2  0  5  9 28  0  0  0 16 23  0  0  0 10  0  0  6  0  0  0 28  0  1  7  5  0 19  0  7  0  0  9  0  0  0
 0  0  0 10 13  0  0  5 21  8  0 22  0 11  4  0 28 19  3 11 24  0  0  0  0  0  0  7  0  0  4  0  0  0  0  0  0  4 17  0 15  0  0  0 27 20 23  0  0 21  1 26  0  0  0  0  0  0  5  0  0  0
15 21  0  0  0 24 13  0 28  0  0  1 19  0  0 17 19  0 22  0  0  0  0  9  0  0  0 18  0 16  9  3 13  0 25 17 26  0  0 16  0  0  0  0  0  0 17 19  3  2  0 14 16  7 21 17 21  3 21  0 20 12
25  7  0  4  0  0  0 22  0  0 22  0  0  0  0  0  0 27 18  0 27  5  0  0 16  0 25  7  0  0  0  0 12  0 21 15  0 10 17 26 14  0 10  0 28 15  0  1  0  0 10 17  3  0  0 16  0 19  1  0  0 12
23  0 26  5  0  0 11 22 12  0  0 20 28  0  0  7  0  0 28 19 18  0  0  0  0  0  0  0  0  0  0 22  0 22  0  9  0  0  0  0  7  6 12  0 11  6 17  0 26 28  0  0  0 26  0 12  0  0  0  0  3  0
 0 22  0 20  0  0 12  2 28  8  0  0  6  0 13  8 21  0  0  0  4  0  1  0  0  0  0  0  0  8 14 22  0  0  0 12 15  7 22 15  0  5  0  0  0  8  0  0 15 16  0 21 21  0  0 26  0  0 21  0 22  1
 0  0  0  0  3  0  0  6  0  0 54 55 56 57 58 59 60 26  0  0  0 12  7  0 11 14 11  0  0 20  0 28  0  4  0 23 22 17  0  0  5  0 16  2 17  0 17 15  0  7  4  0 15  0 20  0  0  0  8 10  0  0
 0 15  0  0  0  6 73 74 75 76 77 78  0 21 10  2 61 23 11 23  0 20 22  0  0 23  0 22 23 21  0  0 13  0  0  0 27 24 26  0  0  0 13 22 17 25  0  0  9  0  0 13  0  0  0  0 13  0 23 18  0  0
 0 21 17  0 10 21 48  0  0  0 76 79  0 12  0  9 62 26  0  0  0 10  0 13  0  0  0  7  0  0  2 16 65 66 67 68 69 10  0 22 19  0  0  0  3  0  0  7  8 17  0  0  0  0  0 16 19 21 17  0 17  0
 1 28  0 16  1  0 47  0 18  0 75 80 21  0  0  8 63  0 16  0  4 12  0  0  0  0  0 26  0  0  0  0 80  7  0  1 70  0  0  0 21  0  0  3  0  0  0  0  0  0  0  0 22 10 28  1  0  9 18 20  0 24
21 12  3  0  3  0 46  0  8  0 74 81  0 16  0  0 64  0  0  0  3  0  0 12  3 15  0  0  2  0  4  0 79 10 22 16 71 27  0  0  0  2 17 21  0  9 19 17 26  0  4  5  0 20 20  0  0  0 14  0  0  0
 6  0 22  0  4 12 45  0  0 21 73 82 25 14  6  0 65  0 20  8  2 19  0 25 24 20 12 25 24  0 14  0 78 18  1  0 72  0 19  0 25 16  0 10 20  1  0 25  0  0  0  0  0 15  0  1  0 24  0  1 21 22
26  0  0 25  0 18 44 43 86 85 72 71 70 69 68 67 66 12 27  0  0  0  0  0  0  0  0  0  0  0  0  9 77 76 75 74 73  0  1  7  0 20  0 14  0  0  0  0  0  2  0 28  0  1 27  0  0  4  0  8  0  0
 1  0  4 11  0  0 11  0  4  0 20  0  0  9 12  0 13 20 25  0 11  0 28  0  0 25  0  0 17  0  5  0 27  0  0  8  0  0  0  9 14 27  0  0  0 20  0  0  0 14 26 28  0  5  0 18  0 26  0  0  0  0
18  0 11 23  0  0  0  6  3 26 23  0  7  0 18  0  0  0 26  0  0 27  0  0  0  0 28  0  0  0  8 21 17  0  0  0 10  0  0 17  7 23 28  0  8  0 19  0  0 24  0 16 25  0 23 10 11  0  4 11 20 19
 0  0 17 10 22  0 13  0 20  0  0 20  0 26  0 15  0  0 28  4  0 21 13  0 49 48 47 46 45 44 43 23  4  0  0  0 24 14  0  0  4 16  0  0  0 24 25  0  0  5 26  0  0  0  0  0 24 19 27 17  0  0
 0 10  1  0  4 62 63 64 65 66  0  0 14  6  0  0 25  0  0  0 11  0  0 26 70  6  3 12  0  3 86  0 17  0 22 25  0  0  0  0  0  0  1  1  3  0  0  0 28  0 16  0  0  9  0  8  0 22  0  0  0  0
22  0  0  2 28 77 16 28  0 67  0  0  0 26 19  0  0 17  0  0  0 10  0  0 71  3 21 20  0  0 85 16 14  9  0  0  8  0  0 14  0  0  0 21 24 18 18  0  0  0  9  0  0 13  0  5  0  0  1  0  8 24
10  0  0 22  5 76 20 10 22 68 13 10 23  0 13  1  0  0  0  0  6  0 25  0 72  0  6  0  0  0 84  0  3  0 25  0  0  6  0 27 20  2  0  0  0  0  0  0 18  0  0  0  0  2  0 19  0 14 28 19 19  4
 0  0 17  4  0 75  0  2  0 69 28  0  0  0 23  4 22  7 11  4 18 15  2  8 73  3  3  3  0  4 83 24  0  1  0 24  0  0  3 19 25  6  1 26  0  0  0 17  0  0  6 22 20  2 11  0 22  0 10  6  0  0
18  0  0  0  3 74 73 72 71 70  0  0 14  0  3  0  0  0 21  1 24 17 19  0 74  7  9  0 20  0 82  0  0 25  0  0 14  0 13  0 16  0  8  0 28  4 15  2 12  0 16  0 21 16  0 10 27  0  0  0  0  0
 0  9 16 17  0  0 10 16  0 26  4  0  0 28  0 12  0 28 19  2  0  0  9  3 75 76 77 78 79 80 81 27  0  0  0  0  0 25  0  7  0  0  0 16 14  4  0  0  0 25 13 28 28  4  0  0  7  0  0  7 26  0
15 15  0 20 10  0  0  0  0  0 25  9 16  0  4 20  0 20 14 13  0 22  0 18 14  0 16  0  0  0  0  0 15  7  0  0 17 11  0  0 26  0 15 19 16  0 27  0  0  0 23  0 15 12 13  0  7 23  0  6 16  0
 0 28  0  7  3 10 17  9 20 21 10  0  0  0 22 28 25  0  0 23  0  0  0 15  0  0  0 13  0  0 11  0 27  0  0  0 14  0  0 15  0  0 19  0  0  0  0  0  0 10  0  0 13  0  0 17 11 22  0  0 10  0
 0  4  0 10  0  0  0  5  0  0  0 23 22 14  0  0  0 28  0  5  0  0 18  0 24  8  0 22 24  0 21  0  0  8 18  0  2  0  0  0 24  0 16  0  3  0  5  0 23  0  6 15  0  0  0 19 18  0 25 10  0  0
 3 27 14  0  0  0  0 19 26  1  0  0  0  0 12  0  4 21  8  0  0  4  0  4  0  0  8  0 26  0  0 13 11 13 26  0 27  0  0  7  0 27 15 24 15  0  1  6  0  2  0 17  0 17  0  0 23  0  0 19  3  0
 0 14  0  0  3  5  0  0 20 14  0 18  0  9  0 25  0  0  0 20  0  0  0  0  0  0  0  0 25  0  0  1  0  0  0  0  0  0  0  0 13  0  0 15  0 24  1 22 28  0 17 21  0  0  2  0 17  0  0  0  5 24
15  0  0  0 22  0  8 25 22  0  3  2  0  0  0  0 12  0  5 14 20  0  0  0  0 17 25  0  0  0 26  0  0  0  0 14 20 23  0  0  0 16  0  0  0  0 17  0  0 10  5  0  0 11 19 13  0 16 28 28  0  0
10  0  0 18 24  0  0  0  3  0  1  0  0 22  0  0  0 28  1  0  0  0  8  0  0  6  0  6  0  0 22  0  0 17 15 18  0  0  6 12 19  0  0  0 20 19  0  0  6  6 17  0  7 28  0  0 25  0  0  5  3 27
 5  0  5  0 21  0 25  0  8  0  0 12  0 25  0  0  0 15 17 23  8  1  0  0 23  0 22 25  0 27  0  0  0  0  0 21  0 26 12  0 27 18  0 16  0 26  0 18  0  0  6  0  0 12  0 27  0 10  0 13  0 22
11 25 14  0  0  0  0  1  0  0  0  0 22 18 13  0 16  0  0  0 27  0  0  0  4  1  0 20  0 22  0  0  5 10 19  0 10  7  0  0  0 23  0  1  0 25  0  0  0  9 14  2  0  0  1  0 10 21  0 28  0 15
 0  0  9  0  4 23  0 13  0  5  0 13 28  0  4  0  7  7  2  6  7 26 20  0  8  0  0 22 11  0  1  6  0  0 12  0  0 13 16  0  0 10  7 18  0 22  0 22  0  0  0 23  4  6 25  0  6  0 12  0  0  4
16  0  0  0  4  0 15 21 17 19 23  6  0 18  8 13  0  0  7  1  0  0  5  0  0  0  0 12 22 21  0  0 15  0  0 23  0  0 16  4  0  0 13 25  0 14 13 12 14 19 16 24 11  0 10  0  0  0  0 28  7 28
