20 173 2 5
2 14
11 7
20 14
10 14
18 20
12 19
2 9
12 5
1 20
18 7
11 18
10 19
9 19
2 7
2 10
20 11
9 7
12 20
8 19
17 10
6 5
15 2
12 11
9 4
19 16
11 3
15 1
3 19
8 13
7 12
6 10
13 3
13 1
5 1
14 17
2 8
12 15
15 20
14 9
20 13
3 10
2 11
1 19
6 19
10 4
10 16
16 6
9 18
20 7
18 6
10 11
13 11
18 19
1 4
13 6
8 3
17 5
4 3
13 14
4 18
4 2
5 20
3 5
19 14
11 4
19 7
19 13
19 20
4 8
7 6
9 12
2 16
16 8
7 10
12 1
3 16
11 6
5 13
18 8
16 7
12 16
14 15
17 13
3 2
5 10
13 9
17 12
2 12
16 4
14 7
1 11
2 1
2 6
6 8
4 7
6 12
11 19
15 11
10 12
14 8
14 6
2 17
10 15
9 10
15 3
16 20
13 12
5 9
11 16
7 1
20 10
18 17
9 3
5 15
9 17
19 4
1 10
9 8
12 4
9 15
15 8
8 5
4 5
6 3
3 20
9 20
13 7
17 19
5 16
3 14
1 16
14 16
11 9
3 1
3 17
6 4
20 2
20 6
8 10
20 17
8 12
12 3
9 1
17 4
1 14
1 18
17 8
18 10
12 14
15 6
6 1
15 19
15 7
6 9
18 14
1 8
18 3
5 18
17 7
12 18
13 2
3 7
17 15
11 5
17 1
8 11
4 14
13 16
16 9
16 18
5 14
5 7
15 13
