22 130 7 4
2 12
1 10
2 16
11 14
2 19
17 4
4 12
5 19
6 4
5 18
2 13
9 15
7 21
4 14
1 5
6 13
17 19
8 4
9 10
7 2
10 4
10 22
18 2
5 12
6 20
4 9
3 8
9 20
7 10
8 21
13 8
3 20
7 17
2 22
6 17
9 16
12 18
7 18
3 13
1 18
16 12
2 17
5 10
19 3
2 5
6 11
5 6
6 21
1 15
5 8
13 11
20 8
6 8
6 10
5 7
2 3
5 16
14 5
6 9
8 22
1 11
1 2
5 21
8 9
6 7
17 12
10 12
15 22
1 19
21 2
8 15
5 3
3 7
2 11
20 15
16 17
4 11
6 3
4 20
1 12
18 9
8 12
9 17
1 20
4 1
5 22
10 13
5 15
2 20
2 15
2 6
15 21
3 21
1 21
4 22
4 3
6 19
7 13
18 15
7 12
2 9
8 2
2 4
7 8
3 22
9 1
9 22
3 9
18 14
4 16
10 11
9 13
22 17
6 18
7 11
5 11
10 15
1 16
10 21
9 19
9 5
1 22
3 1
4 5
3 10
3 16
10 16
17 11
7 9
10 2
