55 70 60 1 8
55 23  0  0  0  0  0  0  0 54 25 30 53 39 19 25 49 22 40 44 58 24 53 51 55 32 16 29 47 55 41  0  0  0  0  0  0  0 44 49 23 17 42 16 16 52 56 36 51 43 40 26 31 15 52  0  0  0  0  0  0  0 26 47 20 37 18 17 37 30
50 28  0  0  0  0  0  0  0 36 57 53 58 40 41 15 27 32 43 27 46 18 28 45 31 20 47 51 26 42 56  0  0  0  0  0  0  0 38 27 42 30 39 31 41 21 24 24 56 23 23 32 38 21 48  0  0  0  0  0  0  0 28 60 22 25 21 15 25 23
46 37  0  0  0  0  0  0  0 16 55 37 60 38 43 17 49 55 59 47 30 34 44 45 43 25 14 20 46 48 29  0  0  0  0  0  0  0 28 55 18 22 31 41 15 40 47 36 54 51 37 15 55 42 55  0  0  0  0  0  0  0 17 59 35 42 31 21 39 18
23 41  0  0  0  0  0  0  0 48 56 22 53 45 47 30 22 46 37 54 33 43 28 48 16 56 14 24 52 18 43  0  0  0  0  0  0  0 25 50 43 26 23 32 39 51 59 22 54 57 42 44 47 18 48  0  0  0  0  0  0  0 15 51 40 19 47  0  0  0
16 29  0  0  0  0  0  0  0 51 14 44 27 56 34 55 50 49 15 57 30 19 19 21 20 52 28 46 52 56 58  0  0  0  0  0  0  0 57 53 54 50 22 31 21 29 35 33 33 52 58 37 51 56 20  0  0  0  0  0  0  0 38 53 19 54 25  0  0  0
20 39  0  0  0  0  0  0  0 48 36 57 55 38 14 35 15 50 57 36 45 51 41 21 40 53 36 19 26 30 36  0  0  0  0  0  0  0 26 58 20 29 55 45 16 29 54 33 57 28 47 18 56 49 17  0  0  0  0  0  0  0 32 39 32 37 32  0  0  0
56 58  0  0  0  0  0  0  0 49 32 21 14 56 32 20 24 25 42 40 21 36 28 44 53 28 25 58 54 49 31  0  0  0  0  0  0  0 52 43 19 27 56 29 47 57 18 49 26 15 42 51 30 33 17  0  0  0  0  0  0  0 36 16 54 49 31  0  0  0
45 47  0  0  0  0  0  0  0 23 37 31 33 18 43 49  0  0  0  0 24 24 19 20 44 57 24 44 37 28 57  0  0  0  0  0  0  0 18 38 30 35 53 49 56 40 28 39 30 52 35 28 39 44 16  0  0  0  0  0  0  0 37 34 36 45 30  0  0  0
47 37  0  0  0  0  0  0  0 30 43 20 28 19 47 42  0  0  0  0 26 38 43 28 40 16 32 32 31 48 60  0  0  0  0  0  0  0 32 51 29 45 50 14 47 47 58 47 17 15 35 54 39 50 59  0  0  0  0  0  0  0 47 32 16 59 55  0  0  0
50 31  0  0  0  0  0  0  0 15 19 34 34 15 15 20  0  0  0  0 52 33 16 53 22 25 45 36 30 19 43  0  0  0  0  0  0  0 33 45 23 17 24  0  0  0  0  0  0 58 42 50 54 51 42  0  0  0  0  0  0  0 34 15 29 27 17  0  0  0
30 45  0  0  0  0  0  0  0 20 34 42 35 60 46 27  0  0  0  0 39 60 32 23 53 16 55 33 28 24 30  0  0  0  0  0  0  0 34 16 60 30 19  0  0  0  0  0  0 27 49 18 36 28 21  0  0  0  0  0  0  0 34 23 47 50 38  0  0  0
52 51  0  0  0  0  0  0  0 37 45 39 38 58 28 36  0  0  0  0 33 31 24 24 60 20 25 38 29 47 39  0  0  0  0  0  0  0 46 57 25 52 35  0  0  0  0  0  0 57 53 49 14 19 31  0  0  0  0  0  0  0 27 18 42 60 22  0  0  0
44 59  0  0  0  0  0  0  0 45 36 16 30 54 19 44  0  0  0  0 25 52 50 52 53 14 32 31 35 50 59  0  0  0  0  0  0  0 46 40 28 37 45  0  0  0  0  0  0 43 57 57 59 49 19  0  0  0  0  0  0  0 52 42 21 23 15  0  0  0
47 30  0  0  0  0  0  0  0 20 22 23 46 48 20 23  0  0  0  0 51 40 38 44 42 57 25 32 25 37 28  0  0  0  0  0  0  0 49 30 26 43 40  0  0  0  0  0  0 38 49 31 58 18 46  0  0  0  0  0  0  0 24 57 16 15 51  0  0  0
23 55  0  0  0  0  0  0  0 17 29 31 31 51 38 43  0  0  0  0 29 31 23 20 57 38 35 23 40 40 23  0  0  0  0  0  0  0 53 28 54 47 52  0  0  0  0  0  0 43 21 50 34 59 54  0  0  0  0  0  0  0 59 41 60 51 26  0  0  0
39 14  0  0  0  0  0  0  0 36 30 41 38 54 46 43  0  0  0  0 29 29 37 37 24 48 43 34 39 39 18  0  0  0  0  0  0  0 54 57 48 26 15  0  0  0  0  0  0 26 52 58 35 55 42  0  0  0  0  0  0  0 33 48 32 36 54  0  0  0
23 19  0  0  0  0  0  0  0 31 49 57 44 21 46 30  0  0  0  0 35 28 19 45 49 28 32 25 52 26 23  0  0  0  0  0  0  0 46 15 50 34 40  0  0  0  0  0  0 27 38 25 21 59 52  0  0  0  0  0  0  0 49 39 53 53 25  0  0  0
53 59  0  0  0  0  0  0  0 36 48 45 36 16 52 28  0  0  0  0 31 50 27 38 43 28 38 34 60 42 17  0  0  0  0  0  0  0 20 58 27 50 15  0  0  0  0  0  0 21 26 15 46 16 31  0  0  0  0  0  0  0 22 44 17 43 18  0  0  0
22 26  0  0  0  0  0  0  0 14 23 58 37 26 46 38  0  0  0  0 16 50 18 31 15 37 59 46 56 37 23  0  0  0  0  0  0  0 18 18 14 16 15  0  0  0  0  0  0 42 28 58 17 15 29  0  0  0  0  0  0  0 36 47 50 45 24  0  0  0
30 42  0  0  0  0  0  0  0 18 39 54 49 49 25 50  0  0  0  0 14 51 24 22 47 56 54 36 14 40 22  0  0  0  0  0  0  0 41 22 46 47 23  0  0  0  0  0  0 28 21 25 47 39 42  0  0  0  0  0  0  0 29 21 53 43 40  0  0  0
28 51  0  0  0  0  0  0  0 48 37 45 39 28 24 25  0  0  0  0 21 54 48 15 59 44 39 23 56 20 59  0  0  0  0  0  0  0 25 45 19 49 29  0  0  0  0  0  0 21 41 60 45 31 18  0  0  0  0  0  0  0 14 18 25 53 52  0  0  0
32 31  0  0  0  0  0  0  0 55 37 28 55 14 57 33  0  0  0  0 36 19 15 18 60 50 50 19 34 35 54  0  0  0  0  0  0  0 30 29 18 29 51  0  0  0  0  0  0 17 46 24 16 49 47  0  0  0  0  0  0  0 41 42 35 37 21  0  0  0
45 21  0  0  0  0  0  0  0 22 36 16 54 52 17 25  0  0  0  0 39 32 32 55 35 33 53 34 34 34 49  0  0  0  0  0  0  0 23 25 34 53 41  0  0  0  0  0  0 34 14 38 26 50 21  0  0  0  0  0  0  0 34 43 41 56 18  0  0  0
59 38  0  0  0  0  0  0  0 50 31 30 44 22 19 54  0  0  0  0 54 60 32 27 32 48 50 24 40 45 23  0  0  0  0  0  0  0 46 36 28 51 15  0  0  0  0  0  0 37 43 14 59 16 33  0  0  0  0  0  0  0 40 55 58 36 18  0  0  0
31 27  0  0  0  0  0  0  0 37 25 22 48 51 58 25  0  0  0  0 17 60 30 25 15 23 53 60 55 21 16  0  0  0  0  0  0  0 17 31 37 46 18  0  0  0  0  0  0 59 41 52 43 40 18  0  0  0  0  0  0  0 40 32 29 36 34  0  0  0
31 50  0  0  0  0  0  0  0 51 30 27 23 39 50 45  0  0  0  0 47 20 51 51 26 49 35 32 59 26 19  0  0  0  0  0  0  0 48 56 41 47 22  0  0  0  0  0  0 22 28 20 22 40 30  0  0  0  0  0  0  0 38 49 49 18 34  0  0  0
14 31  0  0  0  0  0  0  0 44 38 21 48 56 47 21  0  0  0  0 43 53 50 29 34 23 47 57 55 36 59  0  0  0  0  0  0  0 38 56 58 37 18  0  0  0  0  0  0 46 38 50 41 35 54  0  0  0  0  0  0  0 55 33 16 58 37  0  0  0
16 32  0  0  0  0  0  0  0 45 17 53 48 21 57 17  0  0  0  0 59 22 17 45 55 19 15 25 17 55 17  0  0  0  0  0  0  0 30 44 56 19 36  0  0  0  0  0  0 50 34 15 26 42 39  0  0  0  0  0  0  0 28 15 50 14 48  0  0  0
39 22  0  0  0  0  0  0  0 40 59 37 52 14 36 27  0  0  0  0 24 15 45 31 19 60 52 32 23 17 54  0  0  0  0  0  0  0 53 36 40 55 38  0  0  0  0  0  0 29 34 36 59 21 35  0  0  0  0  0  0  0 14 47 38 53 60  0  0  0
28 36  0  0  0  0  0  0  0 19 38 33 57 33 45 49  0  0  0  0 43 22 54 43 56 35 37 38 21 59 25  0  0  0  0  0  0  0 38 41 17 41 46  0  0  0  0  0  0 38 30 59 29 20 22  0  0  0  0  0  0  0 55 34 37 32 46  0  0  0
38 23  0  0  0  0  0  0  0 58 28 56 47 47 14 46  0  0  0  0 14 31 38 21 57 17 32 23 51 55 26  0  0  0  0  0  0  0 20 58 38 31 42  0  0  0  0  0  0 19 54 30 19 32 36  0  0  0  0  0  0  0 45 35 39 16 48  0  0  0
24 41  0  0  0  0  0  0  0 44 46 54 35 38 34 25  0  0  0  0 47 41 58 15 18 28 14 43 53 55 26  0  0  0  0  0  0  0 34 43 18 33 28  0  0  0  0  0  0 50 49 29 40 50 38  0  0  0  0  0  0  0 17 53 15 15 50  0  0  0
27 22  0  0  0  0  0  0  0 30 15 20 33 55 42 25  0  0  0  0 24 29 16 28 17 48 34 55 22 51 57  0  0  0  0  0  0  0 41 46 23 33 19  0  0  0  0  0  0 38 38 28 15 46 42  0  0  0  0  0  0  0 52 33 26 17 36  0  0  0
60 26  0  0  0  0  0  0  0 46 46 53 59 37 58 25  0  0  0  0 57 59 47 53 24 15 31 51 23 60 52  0  0  0  0  0  0  0 27 27 42 59 25  0  0  0  0  0  0 24 41 53 29 51 23  0  0  0  0  0  0  0 18 52 38 37 58  0  0  0
50 43  0  0  0  0  0  0  0 45 21 30 32 34 55 23  0  0  0  0 54 50 52 34 30 47 49 37 56 16 49  0  0  0  0  0  0  0 16 20 50 16 30  0  0  0  0  0  0 37 47 41 36 41 23  0  0  0  0  0  0  0 51 41 58 56 32  0  0  0
21 32  0  0  0  0  0  0  0 40 51 16 14 53 25 59  0  0  0  0 57 24 47 47 48 38 36 59 42 38 58  0  0  0  0  0  0  0 46 59 49 37 22  0  0  0  0  0  0 49 31 46 33 29 14  0  0  0  0  0  0  0 34 21 44 57 15  0  0  0
24 32  0  0  0  0  0  0  0 56 19 32 52 60 50 52  0  0  0  0 22 57 49 36 42 45 50 33 55 15 30  0  0  0  0  0  0  0 57 50 14 59 32  0  0  0  0  0  0 59 15 23 59 16 54  0  0  0  0  0  0  0 32 25 45 53 36  0  0  0
52 43  0  0  0  0  0  0  0 59 36 36 24 56 48 18  0  0  0  0 52 14 55 26 60 38 22 34 54 26 58  0  0  0  0  0  0  0 25 47 52 50 32  0  0  0  0  0  0 47 47 50 50 46 17  0  0  0  0  0  0  0 28 51 18 14 50  0  0  0
45 28  0  0  0  0  0  0  0 44 20 51 46 35 21 27  0  0  0  0 38 38 24 30 25 57 29 44 43 21 32  0  0  0  0  0  0  0 14 60 37 48 22  0  0  0  0  0  0 53 17 22 60 18 41  0  0  0  0  0  0  0 54 24 45 46 15  0  0  0
40 30  0  0  0  0  0  0  0 51 25 43 32 46 17 27  0  0  0  0 20 39 22 46 25 18 44 26 53 23 42  0  0  0  0  0  0  0 20 37 30 37 45  0  0  0  0  0  0 27 26 32 27 15 33  0  0  0  0  0  0  0 47 29 14 15 34  0  0  0
29 60  0  0  0  0  0  0  0 28 15 41 14 57 34 46  0  0  0  0 51 16 58 32 41 57 15 25 49 51 43  0  0  0  0  0  0  0 54 26 51 33 41  0  0  0  0  0  0 31 53 41 32 27 16  0  0  0  0  0  0  0 21 39 52 26 55  0  0  0
17 30  0  0  0  0  0  0  0 39 19 25 41 15 52 29  0  0  0  0 36 56 25 26 54 19 47 14 21 37 44  0  0  0  0  0  0  0 55 14 18 32 40  0  0  0  0  0  0 38 60 15 24 49 60  0  0  0  0  0  0  0 32 27 16 53 32  0  0  0
33 48  0  0  0  0  0  0  0 26 43 28 59 58 31 38  0  0  0  0 55 49 56 45 24 18 26 35 16 56 21  0  0  0  0  0  0  0 32 32 59 46 33  0  0  0  0  0  0 48 56 44 34 49 56  0  0  0  0  0  0  0 33 28 60 59 57  0  0  0
58 20  0  0  0  0  0  0  0 40 15 58 44 53 41 57  0  0  0  0 31 58 26 59 26 17 36 29 15 24 49  0  0  0  0  0  0  0 46 35 50 32 32  0  0  0  0  0  0 48 37 35 19 34 17  0  0  0  0  0  0  0 58 60 29 52 57  0  0  0
20 40  0  0  0  0  0  0  0 31 22 58 14 57 53 26  0  0  0  0 32 19 37 30 43 20 33 23 22 15 57  0  0  0  0  0  0  0 16 43 56 32 20  0  0  0  0  0  0 54 46 52 41 51 42  0  0  0  0  0  0  0 47 37 52 40 40  0  0  0
44 27  0  0  0  0  0  0  0 48 48 38 20 54 50 58  0  0  0  0 33 26 19 44 50 37 18 43 38 38 40  0  0  0  0  0  0  0 50 16 52 59 46  0  0  0  0  0  0 60 36 57 17 32 26  0  0  0  0  0  0  0 60 54 57 57 35  0  0  0
15 38  0  0  0  0  0  0  0 22 17 54 28 31 50 19  0  0  0  0 46 22 23 42 54 15 39 17 34 53 51  0  0  0  0  0  0  0 53 54 53 23 26  0  0  0  0  0  0 36 34 53 20 53 37  0  0  0  0  0  0  0 27 46 28 32 21  0  0  0
56 59  0  0  0  0  0  0  0 60 56 27 31 35 21 57  0  0  0  0 31 23 35 55 28 16 38 28 56 50 27  0  0  0  0  0  0  0 29 43 25 52 57  0  0  0  0  0  0 45 16 26 48 24 17 56 40 54 42 20 48 41 54 43 59 38 17  0  0  0
52 30  0  0  0  0  0  0  0 34 50 39 58 46 16 57  0  0  0  0 48 19 26 18 14 24 32 37 40 59 57  0  0  0  0  0  0  0 32 33 42 56 44  0  0  0  0  0  0 27 40 50 23 31 26 20 38 33 34 40 43 36 57 42 26 38 45  0  0  0
28 14 57 26 27 38 16 33 48 46 56 40 41 55 15 48  0  0  0  0 47 54 25 58 25 58 45 33 46 37 26  0  0  0  0  0  0  0 57 60 24 58 54  0  0  0  0  0  0 51 58 27 16 60 47 31 22 41 40 55 43 48 56 51 56 59 49  0  0  0
48 19 60 17 14 49 16 36 31 46 30 24 46 16 47 58  0  0  0  0 48 44 48 19 50 23 15 41 14 46 59  0  0  0  0  0  0  0 58 51 14 39 46  0  0  0  0  0  0 41 38 21 45 59 44 30 32 57 26 25 54 44 49 58 34 48 60  0  0  0
39 31 27 52 21 37 28 15 17 22 20 14 46 47 56 25  0  0  0  0 28 26 22 54 40 51 16 40 32 48 27  0  0  0  0  0  0  0 29 36 27 55 18  0  0  0  0  0  0 48 14 49 40 26 57 19 30 19 26 42 17 30 25 21 41 30 40  0  0  0
49 35 24 42 20 24 53 57 54 34 37 39 42 32 29 60  0  0  0  0 32 41 52 41 54 37 43 53 50 16 25  0  0  0  0  0  0  0 37 32 20 18 24  0  0  0  0  0  0 28 40 18 48 39 30 21 52 47 40 41 37 14 34 49 57 54 25  0  0  0
47 17 42 54 51 35 17 55 42 33 30 53 57 48 14 54  0  0  0  0 38 43 26 45 48 34 39 16 57 16 16 52 17 55 34 29 17 24 39 34 30 44 26  0  0  0  0  0  0 30 33 14 43 25 24 53 27 17 16 29 32 53 37 21 39 59 49  0  0  0
40 55 57 42 20 58 39 59 58 38 17 40 57 52 23 38  0  0  0  0 46 30 41 43 20 28 46 58 54 47 15 18 14 59 16 19 24 41 44 18 39 30 58  0  0  0  0  0  0 44 58 36 58 14 23 50 49 21 57 50 53 14 23 37 54 51 57  0  0  0
